-2.562581E+00   -1.556800E+00   
-2.534097E+00   -1.555933E+00   
-2.505828E+00   -1.555131E+00   
-2.477773E+00   -1.554389E+00   
-2.449930E+00   -1.553706E+00   
-2.422296E+00   -1.553080E+00   
-2.394871E+00   -1.552507E+00   
-2.367652E+00   -1.551987E+00   
-2.340638E+00   -1.551516E+00   
-2.313827E+00   -1.551094E+00   
-2.287217E+00   -1.550716E+00   
-2.260806E+00   -1.550382E+00   
-2.234593E+00   -1.550090E+00   
-2.208576E+00   -1.549838E+00   
-2.182753E+00   -1.549623E+00   
-2.157122E+00   -1.549445E+00   
-2.131682E+00   -1.549300E+00   
-2.106431E+00   -1.549188E+00   
-2.081367E+00   -1.549107E+00   
-2.056489E+00   -1.549054E+00   
-2.031795E+00   -1.549030E+00   
-2.007283E+00   -1.549031E+00   
-1.982952E+00   -1.549056E+00   
-1.958800E+00   -1.549104E+00   
-1.934825E+00   -1.549173E+00   
-1.911026E+00   -1.549262E+00   
-1.887401E+00   -1.549370E+00   
-1.863948E+00   -1.549494E+00   
-1.840667E+00   -1.549635E+00   
-1.817554E+00   -1.549789E+00   
-1.794610E+00   -1.549957E+00   
-1.771831E+00   -1.550137E+00   
-1.749218E+00   -1.550327E+00   
-1.726767E+00   -1.550527E+00   
-1.704478E+00   -1.550736E+00   
-1.682349E+00   -1.550951E+00   
-1.660379E+00   -1.551173E+00   
-1.638566E+00   -1.551399E+00   
-1.616909E+00   -1.551630E+00   
-1.595406E+00   -1.551863E+00   
-1.574055E+00   -1.552099E+00   
-1.552856E+00   -1.552336E+00   
-1.531807E+00   -1.552572E+00   
-1.510907E+00   -1.552808E+00   
-1.490154E+00   -1.553042E+00   
-1.469546E+00   -1.553274E+00   
-1.449083E+00   -1.553502E+00   
-1.428763E+00   -1.553725E+00   
-1.408585E+00   -1.553944E+00   
-1.388548E+00   -1.554157E+00   
-1.368649E+00   -1.554363E+00   
-1.348889E+00   -1.554562E+00   
-1.329265E+00   -1.554753E+00   
-1.309776E+00   -1.554934E+00   
-1.290421E+00   -1.555107E+00   
-1.271199E+00   -1.555269E+00   
-1.252109E+00   -1.555421E+00   
-1.233149E+00   -1.555561E+00   
-1.214319E+00   -1.555689E+00   
-1.195616E+00   -1.555804E+00   
-1.177040E+00   -1.555906E+00   
-1.158590E+00   -1.555995E+00   
-1.140264E+00   -1.556069E+00   
-1.122062E+00   -1.556128E+00   
-1.103982E+00   -1.556172E+00   
-1.086024E+00   -1.556199E+00   
-1.068185E+00   -1.556211E+00   
-1.050465E+00   -1.556206E+00   
-1.032863E+00   -1.556183E+00   
-1.015378E+00   -1.556143E+00   
-9.980090E-01   -1.556084E+00   
-9.807546E-01   -1.556007E+00   
-9.636138E-01   -1.555911E+00   
-9.465859E-01   -1.555796E+00   
-9.296696E-01   -1.555660E+00   
-9.128641E-01   -1.555505E+00   
-8.961683E-01   -1.555329E+00   
-8.795813E-01   -1.555132E+00   
-8.631022E-01   -1.554914E+00   
-8.467299E-01   -1.554675E+00   
-8.304636E-01   -1.554414E+00   
-8.143024E-01   -1.554130E+00   
-7.982453E-01   -1.553824E+00   
-7.822914E-01   -1.553496E+00   
-7.664399E-01   -1.553144E+00   
-7.506898E-01   -1.552769E+00   
-7.350404E-01   -1.552371E+00   
-7.194907E-01   -1.551949E+00   
-7.040399E-01   -1.551503E+00   
-6.886872E-01   -1.551032E+00   
-6.734317E-01   -1.550538E+00   
-6.582727E-01   -1.550018E+00   
-6.432093E-01   -1.549474E+00   
-6.282407E-01   -1.548905E+00   
-6.133662E-01   -1.548310E+00   
-5.985849E-01   -1.547690E+00   
-5.838962E-01   -1.547045E+00   
-5.692992E-01   -1.546373E+00   
-5.547932E-01   -1.545676E+00   
-5.403775E-01   -1.544953E+00   
-5.260514E-01   -1.544203E+00   
-5.118140E-01   -1.543427E+00   
-4.976648E-01   -1.542625E+00   
-4.836030E-01   -1.541796E+00   
-4.696279E-01   -1.540940E+00   
-4.557389E-01   -1.540057E+00   
-4.419353E-01   -1.539148E+00   
-4.282163E-01   -1.538211E+00   
-4.145814E-01   -1.537247E+00   
-4.010299E-01   -1.536256E+00   
-3.875611E-01   -1.535238E+00   
-3.741745E-01   -1.534192E+00   
-3.608694E-01   -1.533119E+00   
-3.476451E-01   -1.532018E+00   
-3.345011E-01   -1.530889E+00   
-3.214369E-01   -1.529733E+00   
-3.084516E-01   -1.528549E+00   
-2.955449E-01   -1.527338E+00   
-2.827161E-01   -1.526098E+00   
-2.699647E-01   -1.524831E+00   
-2.572900E-01   -1.523536E+00   
-2.446916E-01   -1.522213E+00   
-2.321688E-01   -1.520862E+00   
-2.197212E-01   -1.519483E+00   
-2.073482E-01   -1.518075E+00   
-1.950492E-01   -1.516640E+00   
-1.828239E-01   -1.515177E+00   
-1.706715E-01   -1.513686E+00   
-1.585917E-01   -1.512167E+00   
-1.465840E-01   -1.510619E+00   
-1.346477E-01   -1.509044E+00   
-1.227825E-01   -1.507440E+00   
-1.109879E-01   -1.505809E+00   
-9.926342E-02   -1.504150E+00   
-8.760853E-02   -1.502462E+00   
-7.602280E-02   -1.500747E+00   
-6.450577E-02   -1.499003E+00   
-5.305699E-02   -1.497232E+00   
-4.167602E-02   -1.495433E+00   
-3.036241E-02   -1.493605E+00   
-1.911574E-02   -1.491750E+00   
-7.935571E-03   -1.489868E+00   
 3.178517E-03   -1.487957E+00   
 1.422694E-02   -1.486019E+00   
 2.521012E-02   -1.484053E+00   
 3.612845E-02   -1.482059E+00   
 4.698233E-02   -1.480038E+00   
 5.777217E-02   -1.477989E+00   
 6.849836E-02   -1.475913E+00   
 7.916127E-02   -1.473809E+00   
 8.976130E-02   -1.471678E+00   
 1.002988E-01   -1.469519E+00   
 1.107742E-01   -1.467334E+00   
 1.211878E-01   -1.465121E+00   
 1.315400E-01   -1.462881E+00   
 1.418311E-01   -1.460614E+00   
 1.520616E-01   -1.458320E+00   
 1.622316E-01   -1.455999E+00   
 1.723417E-01   -1.453651E+00   
 1.823921E-01   -1.451277E+00   
 1.923832E-01   -1.448875E+00   
 2.023153E-01   -1.446448E+00   
 2.121886E-01   -1.443993E+00   
 2.220037E-01   -1.441513E+00   
 2.317607E-01   -1.439006E+00   
 2.414599E-01   -1.436472E+00   
 2.511018E-01   -1.433913E+00   
 2.606866E-01   -1.431327E+00   
 2.702145E-01   -1.428716E+00   
 2.796859E-01   -1.426078E+00   
 2.891012E-01   -1.423415E+00   
 2.984605E-01   -1.420726E+00   
 3.077642E-01   -1.418011E+00   
 3.170125E-01   -1.415271E+00   
 3.262058E-01   -1.412505E+00   
 3.353442E-01   -1.409715E+00   
 3.444282E-01   -1.406899E+00   
 3.534579E-01   -1.404057E+00   
 3.624336E-01   -1.401191E+00   
 3.713556E-01   -1.398300E+00   
 3.802242E-01   -1.395384E+00   
 3.890395E-01   -1.392444E+00   
 3.978019E-01   -1.389479E+00   
 4.065116E-01   -1.386489E+00   
 4.151689E-01   -1.383475E+00   
 4.237740E-01   -1.380437E+00   
 4.323270E-01   -1.377375E+00   
 4.408284E-01   -1.374288E+00   
 4.492783E-01   -1.371178E+00   
 4.576769E-01   -1.368044E+00   
 4.660245E-01   -1.364887E+00   
 4.743213E-01   -1.361705E+00   
 4.825675E-01   -1.358501E+00   
 4.907634E-01   -1.355273E+00   
 4.989091E-01   -1.352022E+00   
 5.070049E-01   -1.348748E+00   
 5.150510E-01   -1.345451E+00   
 5.230476E-01   -1.342131E+00   
 5.309950E-01   -1.338788E+00   
 5.388932E-01   -1.335423E+00   
 5.467426E-01   -1.332035E+00   
 5.545434E-01   -1.328625E+00   
 5.622956E-01   -1.325193E+00   
 5.699996E-01   -1.321739E+00   
 5.776555E-01   -1.318263E+00   
 5.852635E-01   -1.314765E+00   
 5.928238E-01   -1.311246E+00   
 6.003366E-01   -1.307705E+00   
 6.078021E-01   -1.304142E+00   
 6.152205E-01   -1.300558E+00   
 6.225919E-01   -1.296953E+00   
 6.299166E-01   -1.293327E+00   
 6.371946E-01   -1.289681E+00   
 6.444262E-01   -1.286013E+00   
 6.516116E-01   -1.282325E+00   
 6.587509E-01   -1.278616E+00   
 6.658443E-01   -1.274887E+00   
 6.728920E-01   -1.271138E+00   
 6.798941E-01   -1.267368E+00   
 6.868509E-01   -1.263579E+00   
 6.937623E-01   -1.259770E+00   
 7.006288E-01   -1.255941E+00   
 7.074502E-01   -1.252093E+00   
 7.142270E-01   -1.248225E+00   
 7.209591E-01   -1.244338E+00   
 7.276468E-01   -1.240432E+00   
 7.342902E-01   -1.236507E+00   
 7.408895E-01   -1.232564E+00   
 7.474448E-01   -1.228601E+00   
 7.539563E-01   -1.224620E+00   
 7.604240E-01   -1.220621E+00   
 7.668482E-01   -1.216603E+00   
 7.732291E-01   -1.212567E+00   
 7.795666E-01   -1.208513E+00   
 7.858611E-01   -1.204441E+00   
 7.921126E-01   -1.200352E+00   
 7.983212E-01   -1.196245E+00   
 8.044872E-01   -1.192120E+00   
 8.106106E-01   -1.187979E+00   
 8.166916E-01   -1.183820E+00   
 8.227303E-01   -1.179644E+00   
 8.287268E-01   -1.175451E+00   
 8.346814E-01   -1.171242E+00   
 8.405940E-01   -1.167016E+00   
 8.464649E-01   -1.162774E+00   
 8.522941E-01   -1.158515E+00   
 8.580819E-01   -1.154240E+00   
 8.638283E-01   -1.149949E+00   
 8.695334E-01   -1.145643E+00   
 8.751974E-01   -1.141321E+00   
 8.808204E-01   -1.136983E+00   
 8.864025E-01   -1.132629E+00   
 8.919439E-01   -1.128261E+00   
 8.974446E-01   -1.123877E+00   
 9.029048E-01   -1.119479E+00   
 9.083246E-01   -1.115065E+00   
 9.137042E-01   -1.110637E+00   
 9.190436E-01   -1.106195E+00   
 9.243429E-01   -1.101738E+00   
 9.296023E-01   -1.097267E+00   
 9.348219E-01   -1.092781E+00   
 9.400018E-01   -1.088282E+00   
 9.451421E-01   -1.083769E+00   
 9.502429E-01   -1.079242E+00   
 9.553044E-01   -1.074702E+00   
 9.603266E-01   -1.070148E+00   
 9.653097E-01   -1.065582E+00   
 9.702538E-01   -1.061002E+00   
 9.751589E-01   -1.056409E+00   
 9.800252E-01   -1.051804E+00   
 9.848528E-01   -1.047185E+00   
 9.896418E-01   -1.042555E+00   
 9.943923E-01   -1.037912E+00   
 9.991044E-01   -1.033257E+00   
 1.003778E+00   -1.028589E+00   
 1.008414E+00   -1.023910E+00   
 1.013012E+00   -1.019220E+00   
 1.017571E+00   -1.014517E+00   
 1.022093E+00   -1.009803E+00   
 1.026577E+00   -1.005078E+00   
 1.031023E+00   -1.000342E+00   
 1.035432E+00   -9.955943E-01   
 1.039803E+00   -9.908361E-01   
 1.044137E+00   -9.860672E-01   
 1.048434E+00   -9.812877E-01   
 1.052693E+00   -9.764978E-01   
 1.056916E+00   -9.716976E-01   
 1.061101E+00   -9.668872E-01   
 1.065250E+00   -9.620669E-01   
 1.069362E+00   -9.572368E-01   
 1.073437E+00   -9.523969E-01   
 1.077476E+00   -9.475475E-01   
 1.081478E+00   -9.426887E-01   
 1.085444E+00   -9.378206E-01   
 1.089373E+00   -9.329435E-01   
 1.093267E+00   -9.280573E-01   
 1.097124E+00   -9.231624E-01   
 1.100945E+00   -9.182587E-01   
 1.104730E+00   -9.133466E-01   
 1.108480E+00   -9.084260E-01   
 1.112194E+00   -9.034972E-01   
 1.115872E+00   -8.985604E-01   
 1.119515E+00   -8.936155E-01   
 1.123122E+00   -8.886629E-01   
 1.126694E+00   -8.837026E-01   
 1.130231E+00   -8.787348E-01   
 1.133732E+00   -8.737596E-01   
 1.137199E+00   -8.687772E-01   
 1.140630E+00   -8.637877E-01   
 1.144027E+00   -8.587912E-01   
 1.147389E+00   -8.537880E-01   
 1.150716E+00   -8.487781E-01   
 1.154009E+00   -8.437617E-01   
 1.157267E+00   -8.387389E-01   
 1.160491E+00   -8.337099E-01   
 1.163680E+00   -8.286748E-01   
 1.166835E+00   -8.236338E-01   
 1.169956E+00   -8.185869E-01   
 1.173043E+00   -8.135344E-01   
 1.176096E+00   -8.084764E-01   
 1.179115E+00   -8.034130E-01   
 1.182101E+00   -7.983444E-01   
 1.185053E+00   -7.932707E-01   
 1.187971E+00   -7.881920E-01   
 1.190855E+00   -7.831086E-01   
 1.193707E+00   -7.780204E-01   
 1.196525E+00   -7.729277E-01   
 1.199309E+00   -7.678307E-01   
 1.202061E+00   -7.627293E-01   
 1.204780E+00   -7.576239E-01   
 1.207465E+00   -7.525145E-01   
 1.210118E+00   -7.474013E-01   
 1.212738E+00   -7.422843E-01   
 1.215325E+00   -7.371638E-01   
 1.217880E+00   -7.320399E-01   
 1.220402E+00   -7.269127E-01   
 1.222892E+00   -7.217823E-01   
 1.225349E+00   -7.166490E-01   
 1.227775E+00   -7.115128E-01   
 1.230168E+00   -7.063738E-01   
 1.232529E+00   -7.012322E-01   
 1.234858E+00   -6.960882E-01   
 1.237155E+00   -6.909419E-01   
 1.239421E+00   -6.857933E-01   
 1.241655E+00   -6.806427E-01   
 1.243857E+00   -6.754902E-01   
 1.246027E+00   -6.703359E-01   
 1.248167E+00   -6.651800E-01   
 1.250275E+00   -6.600225E-01   
 1.252351E+00   -6.548636E-01   
 1.254397E+00   -6.497035E-01   
 1.256412E+00   -6.445423E-01   
 1.258395E+00   -6.393801E-01   
 1.260348E+00   -6.342170E-01   
 1.262270E+00   -6.290532E-01   
 1.264161E+00   -6.238888E-01   
 1.266022E+00   -6.187240E-01   
 1.267852E+00   -6.135588E-01   
 1.269652E+00   -6.083934E-01   
 1.271421E+00   -6.032280E-01   
 1.273161E+00   -5.980626E-01   
 1.274870E+00   -5.928975E-01   
 1.276549E+00   -5.877326E-01   
 1.278198E+00   -5.825682E-01   
 1.279817E+00   -5.774043E-01   
 1.281407E+00   -5.722412E-01   
 1.282967E+00   -5.670789E-01   
 1.284497E+00   -5.619176E-01   
 1.285998E+00   -5.567573E-01   
 1.287469E+00   -5.515983E-01   
 1.288912E+00   -5.464406E-01   
 1.290324E+00   -5.412844E-01   
 1.291708E+00   -5.361297E-01   
 1.293063E+00   -5.309768E-01   
 1.294389E+00   -5.258257E-01   
 1.295686E+00   -5.206766E-01   
 1.296955E+00   -5.155296E-01   
 1.298194E+00   -5.103848E-01   
 1.299405E+00   -5.052423E-01   
 1.300588E+00   -5.001022E-01   
 1.301743E+00   -4.949648E-01   
 1.302869E+00   -4.898300E-01   
 1.303967E+00   -4.846981E-01   
 1.305037E+00   -4.795691E-01   
 1.306079E+00   -4.744432E-01   
 1.307093E+00   -4.693204E-01   
 1.308079E+00   -4.642010E-01   
 1.309038E+00   -4.590850E-01   
 1.309969E+00   -4.539725E-01   
 1.310872E+00   -4.488636E-01   
 1.311748E+00   -4.437586E-01   
 1.312597E+00   -4.386574E-01   
 1.313419E+00   -4.335602E-01   
 1.314214E+00   -4.284672E-01   
 1.314981E+00   -4.233784E-01   
 1.315722E+00   -4.182939E-01   
 1.316436E+00   -4.132140E-01   
 1.317123E+00   -4.081386E-01   
 1.317783E+00   -4.030679E-01   
 1.318417E+00   -3.980020E-01   
 1.319025E+00   -3.929410E-01   
 1.319606E+00   -3.878851E-01   
 1.320161E+00   -3.828343E-01   
 1.320690E+00   -3.777888E-01   
 1.321193E+00   -3.727487E-01   
 1.321670E+00   -3.677140E-01   
 1.322122E+00   -3.626850E-01   
 1.322547E+00   -3.576616E-01   
 1.322947E+00   -3.526440E-01   
 1.323321E+00   -3.476324E-01   
 1.323670E+00   -3.426268E-01   
 1.323994E+00   -3.376273E-01   
 1.324292E+00   -3.326340E-01   
 1.324566E+00   -3.276471E-01   
 1.324814E+00   -3.226667E-01   
 1.325037E+00   -3.176928E-01   
 1.325236E+00   -3.127256E-01   
 1.325410E+00   -3.077651E-01   
 1.325559E+00   -3.028116E-01   
 1.325684E+00   -2.978649E-01   
 1.325784E+00   -2.929254E-01   
 1.325860E+00   -2.879931E-01   
 1.325912E+00   -2.830680E-01   
 1.325940E+00   -2.781503E-01   
 1.325943E+00   -2.732401E-01   
 1.325923E+00   -2.683375E-01   
 1.325879E+00   -2.634425E-01   
 1.325812E+00   -2.585554E-01   
 1.325721E+00   -2.536761E-01   
 1.325606E+00   -2.488048E-01   
 1.325468E+00   -2.439415E-01   
 1.325307E+00   -2.390865E-01   
 1.325122E+00   -2.342397E-01   
 1.324915E+00   -2.294013E-01   
 1.324684E+00   -2.245713E-01   
 1.324431E+00   -2.197499E-01   
 1.324155E+00   -2.149371E-01   
 1.323856E+00   -2.101331E-01   
 1.323535E+00   -2.053379E-01   
 1.323192E+00   -2.005516E-01   
 1.322826E+00   -1.957743E-01   
 1.322438E+00   -1.910062E-01   
 1.322027E+00   -1.862472E-01   
 1.321595E+00   -1.814976E-01   
 1.321141E+00   -1.767573E-01   
 1.320665E+00   -1.720264E-01   
 1.320167E+00   -1.673052E-01   
 1.319648E+00   -1.625935E-01   
 1.319108E+00   -1.578916E-01   
 1.318546E+00   -1.531995E-01   
 1.317962E+00   -1.485173E-01   
 1.317358E+00   -1.438451E-01   
 1.316732E+00   -1.391830E-01   
 1.316086E+00   -1.345310E-01   
 1.315419E+00   -1.298893E-01   
 1.314731E+00   -1.252578E-01   
 1.314022E+00   -1.206368E-01   
 1.313293E+00   -1.160262E-01   
 1.312544E+00   -1.114263E-01   
 1.311774E+00   -1.068369E-01   
 1.310985E+00   -1.022583E-01   
 1.310175E+00   -9.769046E-02   
 1.309345E+00   -9.313352E-02   
 1.308495E+00   -8.858753E-02   
 1.307626E+00   -8.405258E-02   
 1.306737E+00   -7.952874E-02   
 1.305828E+00   -7.501609E-02   
 1.304900E+00   -7.051469E-02   
 1.303953E+00   -6.602464E-02   
 1.302987E+00   -6.154599E-02   
 1.302001E+00   -5.707883E-02   
 1.300997E+00   -5.262322E-02   
 1.299973E+00   -4.817924E-02   
 1.298931E+00   -4.374696E-02   
 1.297870E+00   -3.932645E-02   
 1.296791E+00   -3.491779E-02   
 1.295693E+00   -3.052103E-02   
 1.294578E+00   -2.613625E-02   
 1.293443E+00   -2.176351E-02   
 1.292291E+00   -1.740289E-02   
 1.291121E+00   -1.305445E-02   
 1.289933E+00   -8.718259E-03   
 1.288727E+00   -4.394379E-03   
 1.287504E+00   -8.287680E-05   
 1.286263E+00    4.216183E-03   
 1.285004E+00    8.502738E-03   
 1.283728E+00    1.277672E-02   
 1.282436E+00    1.703808E-02   
 1.281126E+00    2.128674E-02   
 1.279799E+00    2.552265E-02   
 1.278455E+00    2.974575E-02   
 1.277094E+00    3.395597E-02   
 1.275717E+00    3.815326E-02   
 1.274323E+00    4.233757E-02   
 1.272913E+00    4.650882E-02   
 1.271487E+00    5.066696E-02   
 1.270044E+00    5.481195E-02   
 1.268585E+00    5.894372E-02   
 1.267111E+00    6.306221E-02   
 1.265620E+00    6.716738E-02   
 1.264114E+00    7.125917E-02   
 1.262592E+00    7.533752E-02   
 1.261054E+00    7.940239E-02   
 1.259501E+00    8.345373E-02   
 1.257933E+00    8.749147E-02   
 1.256350E+00    9.151557E-02   
 1.254751E+00    9.552599E-02   
 1.253138E+00    9.952267E-02   
 1.251510E+00    1.035056E-01   
 1.249867E+00    1.074746E-01   
 1.248209E+00    1.114298E-01   
 1.246537E+00    1.153710E-01   
 1.244851E+00    1.192983E-01   
 1.243150E+00    1.232116E-01   
 1.241435E+00    1.271108E-01   
 1.239706E+00    1.309959E-01   
 1.237962E+00    1.348668E-01   
 1.236206E+00    1.387236E-01   
 1.234435E+00    1.425661E-01   
 1.232651E+00    1.463943E-01   
 1.230853E+00    1.502083E-01   
 1.229042E+00    1.540079E-01   
 1.227217E+00    1.577931E-01   
 1.225379E+00    1.615638E-01   
 1.223529E+00    1.653201E-01   
 1.221665E+00    1.690619E-01   
 1.219788E+00    1.727891E-01   
 1.217899E+00    1.765018E-01   
 1.215997E+00    1.801998E-01   
 1.214083E+00    1.838833E-01   
 1.212156E+00    1.875520E-01   
 1.210217E+00    1.912060E-01   
 1.208265E+00    1.948453E-01   
 1.206302E+00    1.984698E-01   
 1.204326E+00    2.020795E-01   
 1.202339E+00    2.056743E-01   
 1.200340E+00    2.092543E-01   
 1.198329E+00    2.128194E-01   
 1.196307E+00    2.163695E-01   
 1.194274E+00    2.199048E-01   
 1.192229E+00    2.234250E-01   
 1.190173E+00    2.269302E-01   
 1.188105E+00    2.304204E-01   
 1.186027E+00    2.338956E-01   
 1.183938E+00    2.373556E-01   
 1.181838E+00    2.408006E-01   
 1.179728E+00    2.442304E-01   
 1.177607E+00    2.476451E-01   
 1.175475E+00    2.510446E-01   
 1.173333E+00    2.544289E-01   
 1.171181E+00    2.577980E-01   
 1.169019E+00    2.611519E-01   
 1.166847E+00    2.644906E-01   
 1.164665E+00    2.678139E-01   
 1.162473E+00    2.711220E-01   
 1.160271E+00    2.744148E-01   
 1.158060E+00    2.776922E-01   
 1.155839E+00    2.809544E-01   
 1.153609E+00    2.842011E-01   
 1.151370E+00    2.874325E-01   
 1.149121E+00    2.906486E-01   
 1.146864E+00    2.938492E-01   
 1.144597E+00    2.970344E-01   
 1.142322E+00    3.002043E-01   
 1.140038E+00    3.033587E-01   
 1.137745E+00    3.064976E-01   
 1.135444E+00    3.096211E-01   
 1.133134E+00    3.127292E-01   
 1.130816E+00    3.158218E-01   
 1.128490E+00    3.188989E-01   
 1.126156E+00    3.219605E-01   
 1.123813E+00    3.250067E-01   
 1.121463E+00    3.280373E-01   
 1.119105E+00    3.310525E-01   
 1.116739E+00    3.340521E-01   
 1.114366E+00    3.370362E-01   
 1.111985E+00    3.400049E-01   
 1.109597E+00    3.429580E-01   
 1.107201E+00    3.458956E-01   
 1.104798E+00    3.488177E-01   
 1.102389E+00    3.517242E-01   
 1.099972E+00    3.546152E-01   
 1.097548E+00    3.574908E-01   
 1.095117E+00    3.603507E-01   
 1.092680E+00    3.631952E-01   
 1.090236E+00    3.660242E-01   
 1.087786E+00    3.688376E-01   
 1.085329E+00    3.716355E-01   
 1.082866E+00    3.744180E-01   
 1.080397E+00    3.771849E-01   
 1.077922E+00    3.799363E-01   
 1.075440E+00    3.826722E-01   
 1.072953E+00    3.853927E-01   
 1.070460E+00    3.880976E-01   
 1.067961E+00    3.907871E-01   
 1.065457E+00    3.934611E-01   
 1.062947E+00    3.961197E-01   
 1.060432E+00    3.987628E-01   
 1.057911E+00    4.013904E-01   
 1.055385E+00    4.040027E-01   
 1.052854E+00    4.065995E-01   
 1.050318E+00    4.091809E-01   
 1.047777E+00    4.117469E-01   
 1.045231E+00    4.142975E-01   
 1.042681E+00    4.168328E-01   
 1.040125E+00    4.193527E-01   
 1.037565E+00    4.218572E-01   
 1.035001E+00    4.243464E-01   
 1.032432E+00    4.268203E-01   
 1.029859E+00    4.292789E-01   
 1.027282E+00    4.317223E-01   
 1.024701E+00    4.341503E-01   
 1.022115E+00    4.365631E-01   
 1.019526E+00    4.389607E-01   
 1.016932E+00    4.413431E-01   
 1.014335E+00    4.437102E-01   
 1.011735E+00    4.460622E-01   
 1.009131E+00    4.483990E-01   
 1.006523E+00    4.507207E-01   
 1.003912E+00    4.530273E-01   
 1.001297E+00    4.553188E-01   
 9.986796E-01    4.575952E-01   
 9.960587E-01    4.598566E-01   
 9.934348E-01    4.621029E-01   
 9.908079E-01    4.643342E-01   
 9.881781E-01    4.665506E-01   
 9.855456E-01    4.687520E-01   
 9.829103E-01    4.709384E-01   
 9.802723E-01    4.731100E-01   
 9.776318E-01    4.752666E-01   
 9.749889E-01    4.774085E-01   
 9.723435E-01    4.795355E-01   
 9.696959E-01    4.816476E-01   
 9.670460E-01    4.837451E-01   
 9.643940E-01    4.858277E-01   
 9.617399E-01    4.878957E-01   
 9.590839E-01    4.899490E-01   
 9.564259E-01    4.919876E-01   
 9.537661E-01    4.940115E-01   
 9.511046E-01    4.960209E-01   
 9.484414E-01    4.980157E-01   
 9.457767E-01    4.999960E-01   
 9.431104E-01    5.019618E-01   
 9.404427E-01    5.039131E-01   
 9.377737E-01    5.058499E-01   
 9.351034E-01    5.077724E-01   
 9.324319E-01    5.096804E-01   
 9.297592E-01    5.115742E-01   
 9.270856E-01    5.134536E-01   
 9.244109E-01    5.153188E-01   
 9.217354E-01    5.171697E-01   
 9.190590E-01    5.190064E-01   
 9.163819E-01    5.208289E-01   
 9.137041E-01    5.226373E-01   
 9.110257E-01    5.244317E-01   
 9.083468E-01    5.262119E-01   
 9.056674E-01    5.279782E-01   
 9.029876E-01    5.297304E-01   
 9.003075E-01    5.314687E-01   
 8.976272E-01    5.331931E-01   
 8.949466E-01    5.349037E-01   
 8.922660E-01    5.366004E-01   
 8.895854E-01    5.382833E-01   
 8.869047E-01    5.399525E-01   
 8.842242E-01    5.416079E-01   
 8.815438E-01    5.432497E-01   
 8.788636E-01    5.448779E-01   
 8.761838E-01    5.464924E-01   
 8.735043E-01    5.480935E-01   
 8.708252E-01    5.496810E-01   
 8.681467E-01    5.512551E-01   
 8.654687E-01    5.528157E-01   
 8.627913E-01    5.543630E-01   
 8.601146E-01    5.558969E-01   
 8.574386E-01    5.574175E-01   
 8.547635E-01    5.589249E-01   
 8.520892E-01    5.604191E-01   
 8.494159E-01    5.619002E-01   
 8.467435E-01    5.633681E-01   
 8.440723E-01    5.648229E-01   
 8.414021E-01    5.662647E-01   
 8.387331E-01    5.676936E-01   
 8.360654E-01    5.691095E-01   
 8.333989E-01    5.705125E-01   
 8.307338E-01    5.719027E-01   
 8.280701E-01    5.732801E-01   
 8.254079E-01    5.746447E-01   
 8.227472E-01    5.759967E-01   
 8.200880E-01    5.773360E-01   
 8.174306E-01    5.786626E-01   
 8.147748E-01    5.799768E-01   
 8.121207E-01    5.812784E-01   
 8.094685E-01    5.825675E-01   
 8.068181E-01    5.838443E-01   
 8.041696E-01    5.851086E-01   
 8.015230E-01    5.863607E-01   
 7.988785E-01    5.876005E-01   
 7.962361E-01    5.888280E-01   
 7.935957E-01    5.900434E-01   
 7.909576E-01    5.912467E-01   
 7.883216E-01    5.924379E-01   
 7.856879E-01    5.936171E-01   
 7.830565E-01    5.947843E-01   
 7.804275E-01    5.959396E-01   
 7.778009E-01    5.970831E-01   
 7.751768E-01    5.982147E-01   
 7.725552E-01    5.993345E-01   
 7.699361E-01    6.004427E-01   
 7.673196E-01    6.015392E-01   
 7.647058E-01    6.026240E-01   
 7.620947E-01    6.036973E-01   
 7.594863E-01    6.047591E-01   
 7.568807E-01    6.058095E-01   
 7.542779E-01    6.068484E-01   
 7.516780E-01    6.078760E-01   
 7.490810E-01    6.088923E-01   
 7.464869E-01    6.098974E-01   
 7.438959E-01    6.108912E-01   
 7.413079E-01    6.118739E-01   
 7.387229E-01    6.128455E-01   
 7.361411E-01    6.138061E-01   
 7.335625E-01    6.147558E-01   
 7.309870E-01    6.156944E-01   
 7.284148E-01    6.166222E-01   
 7.258459E-01    6.175392E-01   
 7.232803E-01    6.184455E-01   
 7.207180E-01    6.193410E-01   
 7.181591E-01    6.202258E-01   
 7.156037E-01    6.211001E-01   
 7.130517E-01    6.219638E-01   
 7.105032E-01    6.228170E-01   
 7.079583E-01    6.236597E-01   
 7.054169E-01    6.244921E-01   
 7.028791E-01    6.253141E-01   
 7.003450E-01    6.261259E-01   
 6.978145E-01    6.269274E-01   
 6.952878E-01    6.277188E-01   
 6.927648E-01    6.285000E-01   
 6.902455E-01    6.292712E-01   
 6.877301E-01    6.300324E-01   
 6.852185E-01    6.307836E-01   
 6.827107E-01    6.315249E-01   
 6.802069E-01    6.322564E-01   
 6.777070E-01    6.329781E-01   
 6.752110E-01    6.336901E-01   
 6.727190E-01    6.343924E-01   
 6.702310E-01    6.350851E-01   
 6.677471E-01    6.357682E-01   
 6.652672E-01    6.364418E-01   
 6.627914E-01    6.371059E-01   
 6.603198E-01    6.377607E-01   
 6.578523E-01    6.384060E-01   
 6.553889E-01    6.390421E-01   
 6.529298E-01    6.396690E-01   
 6.504749E-01    6.402867E-01   
 6.480242E-01    6.408952E-01   
 6.455778E-01    6.414947E-01   
 6.431357E-01    6.420852E-01   
 6.406979E-01    6.426667E-01   
 6.382645E-01    6.432393E-01   
 6.358354E-01    6.438031E-01   
 6.334107E-01    6.443580E-01   
 6.309905E-01    6.449043E-01   
 6.285746E-01    6.454418E-01   
 6.261632E-01    6.459707E-01   
 6.237563E-01    6.464910E-01   
 6.213538E-01    6.470028E-01   
 6.189559E-01    6.475062E-01   
 6.165625E-01    6.480011E-01   
 6.141737E-01    6.484877E-01   
 6.117894E-01    6.489659E-01   
 6.094097E-01    6.494360E-01   
 6.070346E-01    6.498978E-01   
 6.046641E-01    6.503515E-01   
 6.022982E-01    6.507971E-01   
 5.999371E-01    6.512347E-01   
 5.975805E-01    6.516643E-01   
 5.952287E-01    6.520860E-01   
 5.928815E-01    6.524998E-01   
 5.905391E-01    6.529058E-01   
 5.882014E-01    6.533040E-01   
 5.858684E-01    6.536946E-01   
 5.835402E-01    6.540774E-01   
 5.812168E-01    6.544527E-01   
 5.788981E-01    6.548205E-01   
 5.765843E-01    6.551807E-01   
 5.742752E-01    6.555336E-01   
 5.719710E-01    6.558790E-01   
 5.696716E-01    6.562171E-01   
 5.673770E-01    6.565479E-01   
 5.650873E-01    6.568715E-01   
 5.628025E-01    6.571880E-01   
 5.605225E-01    6.574973E-01   
 5.582474E-01    6.577996E-01   
 5.559772E-01    6.580948E-01   
 5.537119E-01    6.583831E-01   
 5.514515E-01    6.586644E-01   
 5.491960E-01    6.589390E-01   
 5.469455E-01    6.592067E-01   
 5.446998E-01    6.594676E-01   
 5.424592E-01    6.597219E-01   
 5.402234E-01    6.599695E-01   
 5.379927E-01    6.602105E-01   
 5.357668E-01    6.604450E-01   
 5.335460E-01    6.606730E-01   
 5.313301E-01    6.608945E-01   
 5.291192E-01    6.611097E-01   
 5.269133E-01    6.613185E-01   
 5.247124E-01    6.615210E-01   
 5.225164E-01    6.617172E-01   
 5.203255E-01    6.619073E-01   
 5.181395E-01    6.620913E-01   
 5.159586E-01    6.622691E-01   
 5.137827E-01    6.624410E-01   
 5.116117E-01    6.626068E-01   
 5.094458E-01    6.627667E-01   
 5.072849E-01    6.629207E-01   
 5.051290E-01    6.630688E-01   
 5.029782E-01    6.632112E-01   
 5.008323E-01    6.633478E-01   
 4.986915E-01    6.634788E-01   
 4.965557E-01    6.636041E-01   
 4.944249E-01    6.637238E-01   
 4.922992E-01    6.638379E-01   
 4.901785E-01    6.639466E-01   
 4.880628E-01    6.640497E-01   
 4.859521E-01    6.641475E-01   
 4.838464E-01    6.642400E-01   
 4.817458E-01    6.643271E-01   
 4.796501E-01    6.644090E-01   
 4.775595E-01    6.644856E-01   
 4.754740E-01    6.645571E-01   
 4.733934E-01    6.646235E-01   
 4.713178E-01    6.646848E-01   
 4.692473E-01    6.647410E-01   
 4.671817E-01    6.647923E-01   
 4.651212E-01    6.648386E-01   
 4.630657E-01    6.648801E-01   
 4.610151E-01    6.649167E-01   
 4.589696E-01    6.649485E-01   
 4.569291E-01    6.649755E-01   
 4.548935E-01    6.649979E-01   
 4.528629E-01    6.650156E-01   
 4.508373E-01    6.650286E-01   
 4.488167E-01    6.650371E-01   
 4.468010E-01    6.650410E-01   
 4.447903E-01    6.650405E-01   
 4.427846E-01    6.650355E-01   
 4.407838E-01    6.650261E-01   
 4.387880E-01    6.650124E-01   
 4.367971E-01    6.649943E-01   
 4.348111E-01    6.649720E-01   
 4.328301E-01    6.649455E-01   
 4.308539E-01    6.649147E-01   
 4.288827E-01    6.648798E-01   
 4.269164E-01    6.648409E-01   
 4.249550E-01    6.647978E-01   
 4.229985E-01    6.647507E-01   
 4.210469E-01    6.646997E-01   
 4.191002E-01    6.646447E-01   
 4.171583E-01    6.645858E-01   
 4.152213E-01    6.645231E-01   
 4.132892E-01    6.644566E-01   
 4.113619E-01    6.643863E-01   
 4.094394E-01    6.643122E-01   
 4.075218E-01    6.642345E-01   
 4.056089E-01    6.641531E-01   
 4.037009E-01    6.640681E-01   
 4.017977E-01    6.639795E-01   
 3.998993E-01    6.638874E-01   
 3.980057E-01    6.637918E-01   
 3.961168E-01    6.636927E-01   
 3.942327E-01    6.635902E-01   
 3.923534E-01    6.634843E-01   
 3.904788E-01    6.633751E-01   
 3.886089E-01    6.632626E-01   
 3.867438E-01    6.631468E-01   
 3.848833E-01    6.630278E-01   
 3.830276E-01    6.629055E-01   
 3.811765E-01    6.627802E-01   
 3.793302E-01    6.626517E-01   
 3.774885E-01    6.625201E-01   
 3.756514E-01    6.623854E-01   
 3.738191E-01    6.622478E-01   
 3.719913E-01    6.621072E-01   
 3.701682E-01    6.619636E-01   
 3.683496E-01    6.618171E-01   
 3.665357E-01    6.616678E-01   
 3.647264E-01    6.615156E-01   
 3.629216E-01    6.613606E-01   
 3.611214E-01    6.612029E-01   
 3.593258E-01    6.610424E-01   
 3.575347E-01    6.608792E-01   
 3.557481E-01    6.607134E-01   
 3.539661E-01    6.605449E-01   
 3.521885E-01    6.603738E-01   
 3.504154E-01    6.602001E-01   
 3.486469E-01    6.600240E-01   
 3.468827E-01    6.598453E-01   
 3.451231E-01    6.596641E-01   
 3.433678E-01    6.594805E-01   
 3.416170E-01    6.592945E-01   
 3.398706E-01    6.591062E-01   
 3.381286E-01    6.589154E-01   
 3.363910E-01    6.587224E-01   
 3.346578E-01    6.585271E-01   
 3.329289E-01    6.583295E-01   
 3.312044E-01    6.581298E-01   
 3.294842E-01    6.579278E-01   
 3.277683E-01    6.577237E-01   
 3.260567E-01    6.575174E-01   
 3.243494E-01    6.573091E-01   
 3.226464E-01    6.570987E-01   
 3.209476E-01    6.568862E-01   
 3.192531E-01    6.566717E-01   
 3.175629E-01    6.564553E-01   
 3.158768E-01    6.562369E-01   
 3.141950E-01    6.560165E-01   
 3.125174E-01    6.557943E-01   
 3.108439E-01    6.555702E-01   
 3.091746E-01    6.553442E-01   
 3.075094E-01    6.551165E-01   
 3.058484E-01    6.548869E-01   
 3.041915E-01    6.546556E-01   
 3.025387E-01    6.544225E-01   
 3.008900E-01    6.541878E-01   
 2.992454E-01    6.539513E-01   
 2.976049E-01    6.537132E-01   
 2.959684E-01    6.534735E-01   
 2.943359E-01    6.532322E-01   
 2.927075E-01    6.529893E-01   
 2.910830E-01    6.527448E-01   
 2.894626E-01    6.524988E-01   
 2.878461E-01    6.522513E-01   
 2.862336E-01    6.520024E-01   
 2.846250E-01    6.517519E-01   
 2.830204E-01    6.515001E-01   
 2.814196E-01    6.512468E-01   
 2.798228E-01    6.509922E-01   
 2.782299E-01    6.507362E-01   
 2.766408E-01    6.504788E-01   
 2.750556E-01    6.502202E-01   
 2.734743E-01    6.499602E-01   
 2.718968E-01    6.496990E-01   
 2.703230E-01    6.494365E-01   
 2.687531E-01    6.491729E-01   
 2.671870E-01    6.489080E-01   
 2.656246E-01    6.486419E-01   
 2.640660E-01    6.483747E-01   
 2.625112E-01    6.481064E-01   
 2.609600E-01    6.478369E-01   
 2.594126E-01    6.475664E-01   
 2.578689E-01    6.472947E-01   
 2.563288E-01    6.470221E-01   
 2.547924E-01    6.467483E-01   
 2.532597E-01    6.464736E-01   
 2.517306E-01    6.461979E-01   
 2.502051E-01    6.459213E-01   
 2.486832E-01    6.456436E-01   
 2.471649E-01    6.453651E-01   
 2.456502E-01    6.450856E-01   
 2.441391E-01    6.448053E-01   
 2.426315E-01    6.445240E-01   
 2.411275E-01    6.442419E-01   
 2.396269E-01    6.439590E-01   
 2.381299E-01    6.436753E-01   
 2.366363E-01    6.433907E-01   
 2.351463E-01    6.431054E-01   
 2.336597E-01    6.428194E-01   
 2.321765E-01    6.425325E-01   
 2.306968E-01    6.422450E-01   
 2.292205E-01    6.419567E-01   
 2.277475E-01    6.416678E-01   
 2.262780E-01    6.413781E-01   
 2.248119E-01    6.410878E-01   
 2.233491E-01    6.407969E-01   
 2.218897E-01    6.405054E-01   
 2.204336E-01    6.402132E-01   
 2.189808E-01    6.399204E-01   
 2.175313E-01    6.396271E-01   
 2.160851E-01    6.393332E-01   
 2.146422E-01    6.390387E-01   
 2.132025E-01    6.387438E-01   
 2.117661E-01    6.384483E-01   
 2.103329E-01    6.381523E-01   
 2.089030E-01    6.378558E-01   
 2.074762E-01    6.375588E-01   
 2.060526E-01    6.372614E-01   
 2.046323E-01    6.369636E-01   
 2.032150E-01    6.366653E-01   
 2.018010E-01    6.363666E-01   
 2.003900E-01    6.360675E-01   
 1.989822E-01    6.357680E-01   
 1.975775E-01    6.354682E-01   
 1.961759E-01    6.351680E-01   
 1.947774E-01    6.348674E-01   
 1.933820E-01    6.345665E-01   
 1.919896E-01    6.342653E-01   
 1.906003E-01    6.339638E-01   
 1.892139E-01    6.336620E-01   
