 2.292381E+00    1.567597E+00    2.998407E+00   
 2.282024E+00    1.555524E+00    2.973647E+00   
 2.271835E+00    1.543598E+00    2.949171E+00   
 2.261813E+00    1.531818E+00    2.924976E+00   
 2.251956E+00    1.520183E+00    2.901062E+00   
 2.242263E+00    1.508693E+00    2.877425E+00   
 2.232731E+00    1.497346E+00    2.854065E+00   
 2.223359E+00    1.486140E+00    2.830979E+00   
 2.214145E+00    1.475076E+00    2.808165E+00   
 2.205087E+00    1.464152E+00    2.785621E+00   
 2.196184E+00    1.453367E+00    2.763346E+00   
 2.187434E+00    1.442719E+00    2.741337E+00   
 2.178835E+00    1.432209E+00    2.719593E+00   
 2.170385E+00    1.421834E+00    2.698111E+00   
 2.162082E+00    1.411594E+00    2.676890E+00   
 2.153926E+00    1.401488E+00    2.655928E+00   
 2.145913E+00    1.391514E+00    2.635223E+00   
 2.138042E+00    1.381673E+00    2.614772E+00   
 2.130313E+00    1.371961E+00    2.594575E+00   
 2.122722E+00    1.362380E+00    2.574630E+00   
 2.115268E+00    1.352927E+00    2.554933E+00   
 2.107949E+00    1.343602E+00    2.535485E+00   
 2.100764E+00    1.334403E+00    2.516282E+00   
 2.093711E+00    1.325329E+00    2.497323E+00   
 2.086788E+00    1.316381E+00    2.478606E+00   
 2.079994E+00    1.307555E+00    2.460129E+00   
 2.073326E+00    1.298852E+00    2.441890E+00   
 2.066784E+00    1.290271E+00    2.423889E+00   
 2.060365E+00    1.281810E+00    2.406122E+00   
 2.054068E+00    1.273468E+00    2.388588E+00   
 2.047891E+00    1.265245E+00    2.371285E+00   
 2.041832E+00    1.257139E+00    2.354211E+00   
 2.035890E+00    1.249150E+00    2.337366E+00   
 2.030064E+00    1.241276E+00    2.320745E+00   
 2.024350E+00    1.233516E+00    2.304350E+00   
 2.018749E+00    1.225870E+00    2.288176E+00   
 2.013258E+00    1.218336E+00    2.272223E+00   
 2.007876E+00    1.210913E+00    2.256488E+00   
 2.002601E+00    1.203601E+00    2.240971E+00   
 1.997431E+00    1.196398E+00    2.225668E+00   
 1.992365E+00    1.189304E+00    2.210579E+00   
 1.987402E+00    1.182317E+00    2.195702E+00   
 1.982540E+00    1.175436E+00    2.181035E+00   
 1.977776E+00    1.168661E+00    2.166576E+00   
 1.973111E+00    1.161990E+00    2.152324E+00   
 1.968542E+00    1.155422E+00    2.138276E+00   
 1.964068E+00    1.148957E+00    2.124432E+00   
 1.959687E+00    1.142593E+00    2.110788E+00   
 1.955397E+00    1.136330E+00    2.097345E+00   
 1.951199E+00    1.130166E+00    2.084099E+00   
 1.947089E+00    1.124101E+00    2.071049E+00   
 1.943066E+00    1.118133E+00    2.058194E+00   
 1.939130E+00    1.112261E+00    2.045532E+00   
 1.935278E+00    1.106485E+00    2.033060E+00   
 1.931509E+00    1.100804E+00    2.020778E+00   
 1.927822E+00    1.095216E+00    2.008684E+00   
 1.924216E+00    1.089721E+00    1.996775E+00   
 1.920689E+00    1.084317E+00    1.985051E+00   
 1.917240E+00    1.079004E+00    1.973509E+00   
 1.913867E+00    1.073780E+00    1.962148E+00   
 1.910569E+00    1.068645E+00    1.950966E+00   
 1.907345E+00    1.063598E+00    1.939961E+00   
 1.904193E+00    1.058638E+00    1.929133E+00   
 1.901113E+00    1.053763E+00    1.918478E+00   
 1.898102E+00    1.048973E+00    1.907995E+00   
 1.895161E+00    1.044267E+00    1.897684E+00   
 1.892287E+00    1.039644E+00    1.887541E+00   
 1.889479E+00    1.035103E+00    1.877566E+00   
 1.886736E+00    1.030643E+00    1.867756E+00   
 1.884057E+00    1.026262E+00    1.858110E+00   
 1.881441E+00    1.021961E+00    1.848627E+00   
 1.878887E+00    1.017738E+00    1.839304E+00   
 1.876393E+00    1.013592E+00    1.830140E+00   
 1.873958E+00    1.009523E+00    1.821133E+00   
 1.871581E+00    1.005528E+00    1.812282E+00   
 1.869261E+00    1.001608E+00    1.803584E+00   
 1.866998E+00    9.977617E-01    1.795039E+00   
 1.864789E+00    9.939876E-01    1.786645E+00   
 1.862634E+00    9.902851E-01    1.778399E+00   
 1.860531E+00    9.866532E-01    1.770301E+00   
 1.858481E+00    9.830910E-01    1.762348E+00   
 1.856481E+00    9.795976E-01    1.754539E+00   
 1.854530E+00    9.761721E-01    1.746873E+00   
 1.852629E+00    9.728136E-01    1.739347E+00   
 1.850775E+00    9.695211E-01    1.731960E+00   
 1.848968E+00    9.662939E-01    1.724711E+00   
 1.847206E+00    9.631309E-01    1.717597E+00   
 1.845490E+00    9.600313E-01    1.710617E+00   
 1.843817E+00    9.569942E-01    1.703770E+00   
 1.842188E+00    9.540187E-01    1.697054E+00   
 1.840600E+00    9.511040E-01    1.690467E+00   
 1.839054E+00    9.482491E-01    1.684007E+00   
 1.837548E+00    9.454532E-01    1.677673E+00   
 1.836082E+00    9.427155E-01    1.671464E+00   
 1.834654E+00    9.400350E-01    1.665378E+00   
 1.833264E+00    9.374110E-01    1.659412E+00   
 1.831911E+00    9.348425E-01    1.653566E+00   
 1.830594E+00    9.323288E-01    1.647838E+00   
 1.829312E+00    9.298690E-01    1.642227E+00   
 1.828065E+00    9.274623E-01    1.636730E+00   
 1.826852E+00    9.251078E-01    1.631347E+00   
 1.825672E+00    9.228047E-01    1.626075E+00   
 1.824524E+00    9.205523E-01    1.620914E+00   
 1.823408E+00    9.183496E-01    1.615861E+00   
 1.822322E+00    9.161960E-01    1.610915E+00   
 1.821267E+00    9.140906E-01    1.606074E+00   
 1.820241E+00    9.120326E-01    1.601338E+00   
 1.819243E+00    9.100213E-01    1.596704E+00   
 1.818274E+00    9.080559E-01    1.592170E+00   
 1.817332E+00    9.061356E-01    1.587737E+00   
 1.816416E+00    9.042596E-01    1.583401E+00   
 1.815527E+00    9.024272E-01    1.579162E+00   
 1.814663E+00    9.006377E-01    1.575017E+00   
 1.813824E+00    8.988902E-01    1.570967E+00   
 1.813009E+00    8.971842E-01    1.567008E+00   
 1.812218E+00    8.955188E-01    1.563140E+00   
 1.811449E+00    8.938933E-01    1.559361E+00   
 1.810703E+00    8.923071E-01    1.555670E+00   
 1.809979E+00    8.907593E-01    1.552065E+00   
 1.809276E+00    8.892494E-01    1.548545E+00   
 1.808594E+00    8.877766E-01    1.545108E+00   
 1.807931E+00    8.863403E-01    1.541754E+00   
 1.807289E+00    8.849398E-01    1.538481E+00   
 1.806665E+00    8.835743E-01    1.535286E+00   
 1.806060E+00    8.822433E-01    1.532170E+00   
 1.805473E+00    8.809461E-01    1.529131E+00   
 1.804903E+00    8.796820E-01    1.526167E+00   
 1.804351E+00    8.784505E-01    1.523277E+00   
 1.803815E+00    8.772508E-01    1.520460E+00   
 1.803295E+00    8.760824E-01    1.517715E+00   
 1.802790E+00    8.749446E-01    1.515039E+00   
 1.802301E+00    8.738369E-01    1.512433E+00   
 1.801827E+00    8.727586E-01    1.509894E+00   
 1.801367E+00    8.717091E-01    1.507421E+00   
 1.800920E+00    8.706879E-01    1.505014E+00   
 1.800487E+00    8.696944E-01    1.502671E+00   
 1.800067E+00    8.687279E-01    1.500391E+00   
 1.799660E+00    8.677881E-01    1.498172E+00   
 1.799264E+00    8.668742E-01    1.496013E+00   
 1.798881E+00    8.659858E-01    1.493914E+00   
 1.798509E+00    8.651222E-01    1.491873E+00   
 1.798148E+00    8.642831E-01    1.489889E+00   
 1.797797E+00    8.634678E-01    1.487960E+00   
 1.797457E+00    8.626758E-01    1.486087E+00   
 1.797127E+00    8.619066E-01    1.484267E+00   
 1.796806E+00    8.611598E-01    1.482499E+00   
 1.796494E+00    8.604348E-01    1.480783E+00   
 1.796192E+00    8.597311E-01    1.479118E+00   
 1.795897E+00    8.590482E-01    1.477501E+00   
 1.795612E+00    8.583857E-01    1.475933E+00   
 1.795333E+00    8.577431E-01    1.474413E+00   
 1.795063E+00    8.571200E-01    1.472938E+00   
 1.794800E+00    8.565158E-01    1.471509E+00   
 1.794543E+00    8.559302E-01    1.470124E+00   
 1.794294E+00    8.553627E-01    1.468783E+00   
 1.794050E+00    8.548129E-01    1.467484E+00   
 1.793813E+00    8.542803E-01    1.466226E+00   
 1.793582E+00    8.537645E-01    1.465009E+00   
 1.793356E+00    8.532651E-01    1.463832E+00   
 1.793135E+00    8.527817E-01    1.462693E+00   
 1.792920E+00    8.523139E-01    1.461592E+00   
 1.792709E+00    8.518614E-01    1.460528E+00   
 1.792502E+00    8.514236E-01    1.459500E+00   
 1.792300E+00    8.510003E-01    1.458508E+00   
 1.792102E+00    8.505911E-01    1.457549E+00   
 1.791908E+00    8.501955E-01    1.456625E+00   
 1.791717E+00    8.498133E-01    1.455733E+00   
 1.791529E+00    8.494440E-01    1.454873E+00   
 1.791344E+00    8.490874E-01    1.454044E+00   
 1.791163E+00    8.487430E-01    1.453246E+00   
 1.790984E+00    8.484106E-01    1.452477E+00   
 1.790807E+00    8.480898E-01    1.451737E+00   
 1.790633E+00    8.477803E-01    1.451025E+00   
 1.790460E+00    8.474818E-01    1.450341E+00   
 1.790290E+00    8.471939E-01    1.449683E+00   
 1.790121E+00    8.469163E-01    1.449052E+00   
 1.789953E+00    8.466488E-01    1.448445E+00   
 1.789787E+00    8.463909E-01    1.447864E+00   
 1.789621E+00    8.461426E-01    1.447306E+00   
 1.789457E+00    8.459033E-01    1.446772E+00   
 1.789293E+00    8.456730E-01    1.446260E+00   
 1.789130E+00    8.454512E-01    1.445770E+00   
 1.788967E+00    8.452377E-01    1.445302E+00   
 1.788805E+00    8.450323E-01    1.444854E+00   
 1.788642E+00    8.448346E-01    1.444427E+00   
 1.788480E+00    8.446445E-01    1.444019E+00   
 1.788317E+00    8.444616E-01    1.443630E+00   
 1.788153E+00    8.442858E-01    1.443260E+00   
 1.787989E+00    8.441167E-01    1.442907E+00   
 1.787825E+00    8.439542E-01    1.442572E+00   
 1.787659E+00    8.437979E-01    1.442253E+00   
 1.787493E+00    8.436477E-01    1.441951E+00   
 1.787325E+00    8.435034E-01    1.441664E+00   
 1.787156E+00    8.433647E-01    1.441393E+00   
 1.786986E+00    8.432314E-01    1.441136E+00   
 1.786815E+00    8.431032E-01    1.440894E+00   
 1.786641E+00    8.429801E-01    1.440665E+00   
 1.786466E+00    8.428617E-01    1.440449E+00   
 1.786289E+00    8.427479E-01    1.440246E+00   
 1.786110E+00    8.426384E-01    1.440056E+00   
 1.785929E+00    8.425332E-01    1.439877E+00   
 1.785746E+00    8.424319E-01    1.439710E+00   
 1.785560E+00    8.423344E-01    1.439553E+00   
 1.785372E+00    8.422406E-01    1.439408E+00   
 1.785182E+00    8.421501E-01    1.439272E+00   
 1.784989E+00    8.420630E-01    1.439146E+00   
 1.784793E+00    8.419789E-01    1.439029E+00   
 1.784594E+00    8.418978E-01    1.438922E+00   
 1.784392E+00    8.418194E-01    1.438822E+00   
 1.784188E+00    8.417437E-01    1.438731E+00   
 1.783980E+00    8.416704E-01    1.438648E+00   
 1.783769E+00    8.415993E-01    1.438572E+00   
 1.783555E+00    8.415304E-01    1.438504E+00   
 1.783338E+00    8.414635E-01    1.438442E+00   
 1.783117E+00    8.413984E-01    1.438386E+00   
 1.782892E+00    8.413351E-01    1.438336E+00   
 1.782664E+00    8.412732E-01    1.438293E+00   
 1.782433E+00    8.412129E-01    1.438254E+00   
 1.782197E+00    8.411538E-01    1.438221E+00   
 1.781958E+00    8.410958E-01    1.438192E+00   
 1.781715E+00    8.410389E-01    1.438168E+00   
 1.781468E+00    8.409829E-01    1.438148E+00   
 1.781217E+00    8.409277E-01    1.438132E+00   
 1.780962E+00    8.408732E-01    1.438119E+00   
 1.780703E+00    8.408192E-01    1.438110E+00   
 1.780440E+00    8.407656E-01    1.438104E+00   
 1.780172E+00    8.407123E-01    1.438100E+00   
 1.779900E+00    8.406593E-01    1.438100E+00   
 1.779624E+00    8.406064E-01    1.438101E+00   
 1.779343E+00    8.405535E-01    1.438104E+00   
 1.779058E+00    8.405004E-01    1.438110E+00   
 1.778768E+00    8.404472E-01    1.438116E+00   
 1.778474E+00    8.403937E-01    1.438124E+00   
 1.778175E+00    8.403397E-01    1.438133E+00   
 1.777872E+00    8.402853E-01    1.438143E+00   
 1.777564E+00    8.402303E-01    1.438154E+00   
 1.777251E+00    8.401746E-01    1.438165E+00   
 1.776933E+00    8.401182E-01    1.438176E+00   
 1.776610E+00    8.400610E-01    1.438187E+00   
 1.776283E+00    8.400028E-01    1.438198E+00   
 1.775950E+00    8.399436E-01    1.438209E+00   
 1.775613E+00    8.398833E-01    1.438219E+00   
 1.775270E+00    8.398219E-01    1.438228E+00   
 1.774923E+00    8.397592E-01    1.438237E+00   
 1.774570E+00    8.396952E-01    1.438244E+00   
 1.774213E+00    8.396298E-01    1.438250E+00   
 1.773850E+00    8.395630E-01    1.438254E+00   
 1.773482E+00    8.394947E-01    1.438257E+00   
 1.773109E+00    8.394247E-01    1.438258E+00   
 1.772731E+00    8.393531E-01    1.438257E+00   
 1.772347E+00    8.392798E-01    1.438254E+00   
 1.771958E+00    8.392048E-01    1.438249E+00   
 1.771564E+00    8.391279E-01    1.438241E+00   
 1.771164E+00    8.390490E-01    1.438231E+00   
 1.770760E+00    8.389683E-01    1.438218E+00   
 1.770349E+00    8.388855E-01    1.438202E+00   
 1.769934E+00    8.388007E-01    1.438183E+00   
 1.769513E+00    8.387137E-01    1.438161E+00   
 1.769086E+00    8.386246E-01    1.438136E+00   
 1.768654E+00    8.385333E-01    1.438108E+00   
 1.768216E+00    8.384397E-01    1.438076E+00   
 1.767773E+00    8.383438E-01    1.438041E+00   
 1.767325E+00    8.382455E-01    1.438002E+00   
 1.766871E+00    8.381448E-01    1.437959E+00   
 1.766411E+00    8.380417E-01    1.437912E+00   
 1.765946E+00    8.379361E-01    1.437861E+00   
 1.765475E+00    8.378280E-01    1.437806E+00   
 1.764999E+00    8.377173E-01    1.437747E+00   
 1.764517E+00    8.376040E-01    1.437684E+00   
 1.764029E+00    8.374880E-01    1.437616E+00   
 1.763536E+00    8.373694E-01    1.437544E+00   
 1.763037E+00    8.372480E-01    1.437467E+00   
 1.762532E+00    8.371239E-01    1.437385E+00   
 1.762022E+00    8.369970E-01    1.437299E+00   
 1.761506E+00    8.368673E-01    1.437208E+00   
 1.760984E+00    8.367347E-01    1.437112E+00   
 1.760457E+00    8.365993E-01    1.437011E+00   
 1.759924E+00    8.364610E-01    1.436905E+00   
 1.759385E+00    8.363197E-01    1.436794E+00   
 1.758841E+00    8.361755E-01    1.436677E+00   
 1.758291E+00    8.360282E-01    1.436556E+00   
 1.757735E+00    8.358780E-01    1.436429E+00   
 1.757173E+00    8.357247E-01    1.436296E+00   
 1.756606E+00    8.355684E-01    1.436158E+00   
 1.756033E+00    8.354090E-01    1.436015E+00   
 1.755454E+00    8.352465E-01    1.435866E+00   
 1.754869E+00    8.350808E-01    1.435711E+00   
 1.754279E+00    8.349120E-01    1.435551E+00   
 1.753683E+00    8.347400E-01    1.435385E+00   
 1.753081E+00    8.345649E-01    1.435213E+00   
 1.752474E+00    8.343865E-01    1.435036E+00   
 1.751860E+00    8.342050E-01    1.434852E+00   
 1.751241E+00    8.340202E-01    1.434662E+00   
 1.750617E+00    8.338321E-01    1.434467E+00   
 1.749986E+00    8.336408E-01    1.434265E+00   
 1.749350E+00    8.334461E-01    1.434058E+00   
 1.748708E+00    8.332482E-01    1.433844E+00   
 1.748060E+00    8.330470E-01    1.433624E+00   
 1.747407E+00    8.328425E-01    1.433398E+00   
 1.746748E+00    8.326346E-01    1.433166E+00   
 1.746083E+00    8.324234E-01    1.432928E+00   
 1.745412E+00    8.322088E-01    1.432683E+00   
 1.744736E+00    8.319909E-01    1.432432E+00   
 1.744054E+00    8.317696E-01    1.432175E+00   
 1.743366E+00    8.315449E-01    1.431911E+00   
 1.742673E+00    8.313168E-01    1.431641E+00   
 1.741973E+00    8.310853E-01    1.431365E+00   
 1.741269E+00    8.308504E-01    1.431082E+00   
 1.740558E+00    8.306121E-01    1.430792E+00   
 1.739842E+00    8.303704E-01    1.430496E+00   
 1.739120E+00    8.301253E-01    1.430194E+00   
 1.738393E+00    8.298767E-01    1.429885E+00   
 1.737660E+00    8.296247E-01    1.429570E+00   
 1.736921E+00    8.293693E-01    1.429248E+00   
 1.736176E+00    8.291104E-01    1.428919E+00   
 1.735426E+00    8.288481E-01    1.428584E+00   
 1.734671E+00    8.285823E-01    1.428243E+00   
 1.733910E+00    8.283131E-01    1.427894E+00   
 1.733143E+00    8.280405E-01    1.427539E+00   
 1.732370E+00    8.277644E-01    1.427178E+00   
 1.731592E+00    8.274848E-01    1.426810E+00   
 1.730809E+00    8.272018E-01    1.426435E+00   
 1.730020E+00    8.269153E-01    1.426053E+00   
 1.729225E+00    8.266254E-01    1.425665E+00   
 1.728425E+00    8.263320E-01    1.425270E+00   
 1.727619E+00    8.260352E-01    1.424869E+00   
 1.726808E+00    8.257349E-01    1.424461E+00   
 1.725991E+00    8.254312E-01    1.424046E+00   
 1.725169E+00    8.251240E-01    1.423625E+00   
 1.724342E+00    8.248134E-01    1.423196E+00   
 1.723509E+00    8.244994E-01    1.422762E+00   
 1.722670E+00    8.241819E-01    1.422320E+00   
 1.721826E+00    8.238610E-01    1.421872E+00   
 1.720977E+00    8.235366E-01    1.421417E+00   
 1.720122E+00    8.232089E-01    1.420955E+00   
 1.719262E+00    8.228777E-01    1.420487E+00   
 1.718396E+00    8.225431E-01    1.420012E+00   
 1.717525E+00    8.222051E-01    1.419531E+00   
 1.716649E+00    8.218636E-01    1.419042E+00   
 1.715768E+00    8.215188E-01    1.418547E+00   
 1.714881E+00    8.211706E-01    1.418046E+00   
 1.713989E+00    8.208190E-01    1.417538E+00   
 1.713091E+00    8.204640E-01    1.417023E+00   
 1.712188E+00    8.201057E-01    1.416501E+00   
 1.711280E+00    8.197439E-01    1.415973E+00   
 1.710367E+00    8.193789E-01    1.415439E+00   
 1.709449E+00    8.190104E-01    1.414897E+00   
 1.708525E+00    8.186386E-01    1.414350E+00   
 1.707596E+00    8.182635E-01    1.413795E+00   
 1.706662E+00    8.178851E-01    1.413234E+00   
 1.705723E+00    8.175033E-01    1.412667E+00   
 1.704778E+00    8.171182E-01    1.412092E+00   
 1.703829E+00    8.167299E-01    1.411512E+00   
 1.702874E+00    8.163382E-01    1.410925E+00   
 1.701914E+00    8.159432E-01    1.410331E+00   
 1.700949E+00    8.155450E-01    1.409731E+00   
 1.699980E+00    8.151435E-01    1.409124E+00   
 1.699005E+00    8.147387E-01    1.408511E+00   
 1.698025E+00    8.143307E-01    1.407892E+00   
 1.697040E+00    8.139195E-01    1.407266E+00   
 1.696050E+00    8.135050E-01    1.406633E+00   
 1.695055E+00    8.130873E-01    1.405994E+00   
 1.694055E+00    8.126664E-01    1.405349E+00   
 1.693050E+00    8.122424E-01    1.404698E+00   
 1.692040E+00    8.118151E-01    1.404040E+00   
 1.691025E+00    8.113847E-01    1.403376E+00   
 1.690006E+00    8.109511E-01    1.402705E+00   
 1.688981E+00    8.105143E-01    1.402029E+00   
 1.687952E+00    8.100744E-01    1.401346E+00   
 1.686918E+00    8.096314E-01    1.400656E+00   
 1.685879E+00    8.091853E-01    1.399961E+00   
 1.684835E+00    8.087361E-01    1.399259E+00   
 1.683786E+00    8.082838E-01    1.398551E+00   
 1.682733E+00    8.078284E-01    1.397837E+00   
 1.681675E+00    8.073700E-01    1.397117E+00   
 1.680612E+00    8.069085E-01    1.396391E+00   
 1.679544E+00    8.064439E-01    1.395658E+00   
 1.678472E+00    8.059764E-01    1.394920E+00   
 1.677395E+00    8.055058E-01    1.394175E+00   
 1.676314E+00    8.050322E-01    1.393425E+00   
 1.675227E+00    8.045557E-01    1.392668E+00   
 1.674136E+00    8.040761E-01    1.391905E+00   
 1.673041E+00    8.035936E-01    1.391137E+00   
 1.671941E+00    8.031082E-01    1.390362E+00   
 1.670836E+00    8.026198E-01    1.389582E+00   
 1.669727E+00    8.021285E-01    1.388796E+00   
 1.668614E+00    8.016343E-01    1.388003E+00   
 1.667495E+00    8.011372E-01    1.387205E+00   
 1.666373E+00    8.006372E-01    1.386401E+00   
 1.665246E+00    8.001344E-01    1.385592E+00   
 1.664114E+00    7.996287E-01    1.384776E+00   
 1.662978E+00    7.991202E-01    1.383955E+00   
 1.661838E+00    7.986088E-01    1.383128E+00   
 1.660693E+00    7.980947E-01    1.382296E+00   
 1.659544E+00    7.975777E-01    1.381457E+00   
 1.658390E+00    7.970580E-01    1.380613E+00   
 1.657233E+00    7.965355E-01    1.379764E+00   
 1.656071E+00    7.960103E-01    1.378909E+00   
 1.654904E+00    7.954823E-01    1.378048E+00   
 1.653733E+00    7.949516E-01    1.377182E+00   
 1.652559E+00    7.944182E-01    1.376310E+00   
 1.651379E+00    7.938821E-01    1.375433E+00   
 1.650196E+00    7.933433E-01    1.374550E+00   
 1.649008E+00    7.928019E-01    1.373662E+00   
 1.647817E+00    7.922578E-01    1.372768E+00   
 1.646621E+00    7.917111E-01    1.371870E+00   
 1.645421E+00    7.911618E-01    1.370965E+00   
 1.644217E+00    7.906099E-01    1.370056E+00   
 1.643008E+00    7.900554E-01    1.369141E+00   
 1.641796E+00    7.894983E-01    1.368221E+00   
 1.640580E+00    7.889387E-01    1.367295E+00   
 1.639359E+00    7.883766E-01    1.366365E+00   
 1.638135E+00    7.878119E-01    1.365429E+00   
 1.636907E+00    7.872447E-01    1.364488E+00   
 1.635674E+00    7.866750E-01    1.363542E+00   
 1.634438E+00    7.861028E-01    1.362590E+00   
 1.633198E+00    7.855282E-01    1.361634E+00   
 1.631954E+00    7.849511E-01    1.360673E+00   
 1.630706E+00    7.843716E-01    1.359706E+00   
 1.629454E+00    7.837897E-01    1.358735E+00   
 1.628198E+00    7.832054E-01    1.357759E+00   
 1.626938E+00    7.826187E-01    1.356777E+00   
 1.625675E+00    7.820296E-01    1.355791E+00   
 1.624408E+00    7.814382E-01    1.354800E+00   
 1.623137E+00    7.808444E-01    1.353804E+00   
 1.621862E+00    7.802484E-01    1.352804E+00   
 1.620583E+00    7.796500E-01    1.351798E+00   
 1.619301E+00    7.790493E-01    1.350788E+00   
 1.618015E+00    7.784464E-01    1.349773E+00   
 1.616726E+00    7.778412E-01    1.348753E+00   
 1.615433E+00    7.772337E-01    1.347729E+00   
 1.614136E+00    7.766241E-01    1.346700E+00   
 1.612835E+00    7.760122E-01    1.345666E+00   
 1.611531E+00    7.753981E-01    1.344628E+00   
 1.610224E+00    7.747818E-01    1.343585E+00   
 1.608913E+00    7.741634E-01    1.342538E+00   
 1.607598E+00    7.735429E-01    1.341486E+00   
 1.606280E+00    7.729202E-01    1.340430E+00   
 1.604958E+00    7.722954E-01    1.339369E+00   
 1.603633E+00    7.716684E-01    1.338304E+00   
 1.602304E+00    7.710395E-01    1.337234E+00   
 1.600972E+00    7.704084E-01    1.336160E+00   
 1.599637E+00    7.697753E-01    1.335082E+00   
 1.598298E+00    7.691401E-01    1.334000E+00   
 1.596956E+00    7.685030E-01    1.332913E+00   
 1.595610E+00    7.678638E-01    1.331822E+00   
 1.594261E+00    7.672227E-01    1.330726E+00   
 1.592909E+00    7.665795E-01    1.329627E+00   
 1.591553E+00    7.659344E-01    1.328523E+00   
 1.590195E+00    7.652874E-01    1.327416E+00   
 1.588832E+00    7.646385E-01    1.326304E+00   
 1.587467E+00    7.639876E-01    1.325188E+00   
 1.586099E+00    7.633348E-01    1.324068E+00   
 1.584727E+00    7.626802E-01    1.322944E+00   
 1.583352E+00    7.620237E-01    1.321816E+00   
 1.581974E+00    7.613654E-01    1.320684E+00   
 1.580593E+00    7.607052E-01    1.319549E+00   
 1.579209E+00    7.600433E-01    1.318409E+00   
 1.577821E+00    7.593795E-01    1.317265E+00   
 1.576431E+00    7.587139E-01    1.316118E+00   
 1.575037E+00    7.580466E-01    1.314967E+00   
 1.573641E+00    7.573775E-01    1.313812E+00   
 1.572241E+00    7.567067E-01    1.312653E+00   
 1.570838E+00    7.560342E-01    1.311491E+00   
 1.569433E+00    7.553599E-01    1.310324E+00   
 1.568024E+00    7.546840E-01    1.309155E+00   
 1.566613E+00    7.540064E-01    1.307981E+00   
 1.565199E+00    7.533272E-01    1.306804E+00   
 1.563781E+00    7.526463E-01    1.305623E+00   
 1.562361E+00    7.519637E-01    1.304439E+00   
 1.560938E+00    7.512796E-01    1.303252E+00   
 1.559512E+00    7.505939E-01    1.302060E+00   
 1.558084E+00    7.499066E-01    1.300866E+00   
 1.556652E+00    7.492177E-01    1.299668E+00   
 1.555218E+00    7.485273E-01    1.298466E+00   
 1.553781E+00    7.478353E-01    1.297261E+00   
 1.552341E+00    7.471418E-01    1.296053E+00   
 1.550898E+00    7.464469E-01    1.294841E+00   
 1.549453E+00    7.457504E-01    1.293626E+00   
 1.548005E+00    7.450525E-01    1.292408E+00   
 1.546554E+00    7.443531E-01    1.291187E+00   
 1.545101E+00    7.436522E-01    1.289962E+00   
 1.543645E+00    7.429500E-01    1.288735E+00   
 1.542187E+00    7.422463E-01    1.287504E+00   
 1.540726E+00    7.415412E-01    1.286269E+00   
 1.539262E+00    7.408348E-01    1.285032E+00   
 1.537796E+00    7.401270E-01    1.283792E+00   
 1.536327E+00    7.394178E-01    1.282549E+00   
 1.534856E+00    7.387073E-01    1.281302E+00   
 1.533382E+00    7.379955E-01    1.280053E+00   
 1.531905E+00    7.372823E-01    1.278801E+00   
 1.530427E+00    7.365679E-01    1.277546E+00   
 1.528945E+00    7.358522E-01    1.276287E+00   
 1.527462E+00    7.351353E-01    1.275026E+00   
 1.525976E+00    7.344171E-01    1.273762E+00   
 1.524487E+00    7.336976E-01    1.272496E+00   
 1.522996E+00    7.329770E-01    1.271226E+00   
 1.521503E+00    7.322551E-01    1.269954E+00   
 1.520008E+00    7.315320E-01    1.268679E+00   
 1.518510E+00    7.308078E-01    1.267401E+00   
 1.517010E+00    7.300824E-01    1.266121E+00   
 1.515507E+00    7.293559E-01    1.264837E+00   
 1.514003E+00    7.286283E-01    1.263552E+00   
 1.512496E+00    7.278995E-01    1.262263E+00   
 1.510986E+00    7.271696E-01    1.260972E+00   
 1.509475E+00    7.264387E-01    1.259679E+00   
 1.507961E+00    7.257066E-01    1.258382E+00   
 1.506446E+00    7.249735E-01    1.257084E+00   
 1.504928E+00    7.242394E-01    1.255783E+00   
 1.503408E+00    7.235042E-01    1.254479E+00   
 1.501886E+00    7.227681E-01    1.253173E+00   
 1.500361E+00    7.220309E-01    1.251865E+00   
 1.498835E+00    7.212927E-01    1.250554E+00   
 1.497307E+00    7.205536E-01    1.249241E+00   
 1.495776E+00    7.198135E-01    1.247925E+00   
 1.494244E+00    7.190724E-01    1.246607E+00   
 1.492709E+00    7.183305E-01    1.245287E+00   
 1.491172E+00    7.175876E-01    1.243965E+00   
 1.489634E+00    7.168438E-01    1.242640E+00   
 1.488094E+00    7.160991E-01    1.241313E+00   
 1.486551E+00    7.153535E-01    1.239984E+00   
 1.485007E+00    7.146071E-01    1.238653E+00   
 1.483460E+00    7.138598E-01    1.237320E+00   
 1.481912E+00    7.131117E-01    1.235984E+00   
 1.480362E+00    7.123628E-01    1.234647E+00   
 1.478810E+00    7.116130E-01    1.233307E+00   
 1.477257E+00    7.108625E-01    1.231966E+00   
 1.475701E+00    7.101112E-01    1.230622E+00   
 1.474144E+00    7.093591E-01    1.229277E+00   
 1.472585E+00    7.086062E-01    1.227929E+00   
 1.471024E+00    7.078526E-01    1.226580E+00   
 1.469461E+00    7.070983E-01    1.225228E+00   
 1.467897E+00    7.063433E-01    1.223875E+00   
 1.466330E+00    7.055876E-01    1.222520E+00   
 1.464763E+00    7.048312E-01    1.221163E+00   
 1.463193E+00    7.040741E-01    1.219804E+00   
 1.461622E+00    7.033163E-01    1.218443E+00   
 1.460049E+00    7.025579E-01    1.217081E+00   
 1.458474E+00    7.017989E-01    1.215717E+00   
 1.456898E+00    7.010392E-01    1.214351E+00   
 1.455320E+00    7.002789E-01    1.212983E+00   
 1.453741E+00    6.995180E-01    1.211614E+00   
 1.452160E+00    6.987566E-01    1.210243E+00   
 1.450578E+00    6.979945E-01    1.208870E+00   
 1.448994E+00    6.972319E-01    1.207496E+00   
 1.447408E+00    6.964688E-01    1.206120E+00   
 1.445821E+00    6.957051E-01    1.204743E+00   
 1.444233E+00    6.949409E-01    1.203364E+00   
 1.442642E+00    6.941762E-01    1.201984E+00   
 1.441051E+00    6.934110E-01    1.200602E+00   
 1.439458E+00    6.926453E-01    1.199219E+00   
 1.437864E+00    6.918791E-01    1.197834E+00   
 1.436268E+00    6.911125E-01    1.196448E+00   
 1.434671E+00    6.903454E-01    1.195060E+00   
 1.433072E+00    6.895779E-01    1.193671E+00   
 1.431472E+00    6.888100E-01    1.192280E+00   
 1.429871E+00    6.880416E-01    1.190889E+00   
 1.428268E+00    6.872729E-01    1.189496E+00   
 1.426664E+00    6.865037E-01    1.188101E+00   
 1.425059E+00    6.857342E-01    1.186706E+00   
 1.423453E+00    6.849643E-01    1.185309E+00   
 1.421845E+00    6.841941E-01    1.183910E+00   
 1.420236E+00    6.834235E-01    1.182511E+00   
 1.418625E+00    6.826526E-01    1.181111E+00   
 1.417014E+00    6.818814E-01    1.179709E+00   
 1.415401E+00    6.811098E-01    1.178306E+00   
 1.413787E+00    6.803380E-01    1.176902E+00   
 1.412172E+00    6.795659E-01    1.175497E+00   
 1.410556E+00    6.787935E-01    1.174091E+00   
 1.408938E+00    6.780209E-01    1.172683E+00   
 1.407320E+00    6.772480E-01    1.171275E+00   
 1.405700E+00    6.764749E-01    1.169866E+00   
 1.404079E+00    6.757015E-01    1.168455E+00   
 1.402457E+00    6.749279E-01    1.167044E+00   
 1.400835E+00    6.741542E-01    1.165632E+00   
 1.399211E+00    6.733802E-01    1.164219E+00   
 1.397585E+00    6.726061E-01    1.162804E+00   
 1.395959E+00    6.718317E-01    1.161389E+00   
 1.394332E+00    6.710573E-01    1.159973E+00   
 1.392704E+00    6.702826E-01    1.158557E+00   
 1.391075E+00    6.695079E-01    1.157139E+00   
 1.389445E+00    6.687330E-01    1.155720E+00   
 1.387814E+00    6.679580E-01    1.154301E+00   
 1.386182E+00    6.671829E-01    1.152881E+00   
 1.384549E+00    6.664077E-01    1.151460E+00   
 1.382915E+00    6.656324E-01    1.150039E+00   
 1.381281E+00    6.648570E-01    1.148616E+00   
 1.379645E+00    6.640816E-01    1.147193E+00   
 1.378009E+00    6.633061E-01    1.145770E+00   
 1.376371E+00    6.625306E-01    1.144345E+00   
 1.374733E+00    6.617551E-01    1.142920E+00   
 1.373094E+00    6.609795E-01    1.141495E+00   
 1.371454E+00    6.602039E-01    1.140068E+00   
 1.369814E+00    6.594283E-01    1.138642E+00   
 1.368172E+00    6.586528E-01    1.137214E+00   
 1.366530E+00    6.578772E-01    1.135786E+00   
 1.364887E+00    6.571017E-01    1.134358E+00   
 1.363244E+00    6.563262E-01    1.132929E+00   
 1.361599E+00    6.555508E-01    1.131499E+00   
 1.359954E+00    6.547755E-01    1.130069E+00   
 1.358308E+00    6.540002E-01    1.128639E+00   
 1.356662E+00    6.532249E-01    1.127208E+00   
 1.355015E+00    6.524498E-01    1.125776E+00   
 1.353367E+00    6.516748E-01    1.124345E+00   
 1.351718E+00    6.508999E-01    1.122912E+00   
 1.350069E+00    6.501251E-01    1.121480E+00   
 1.348419E+00    6.493504E-01    1.120047E+00   
 1.346769E+00    6.485759E-01    1.118614E+00   
 1.345118E+00    6.478016E-01    1.117180E+00   
 1.343467E+00    6.470273E-01    1.115747E+00   
 1.341815E+00    6.462533E-01    1.114312E+00   
 1.340162E+00    6.454794E-01    1.112878E+00   
 1.338509E+00    6.447058E-01    1.111443E+00   
 1.336855E+00    6.439323E-01    1.110009E+00   
 1.335201E+00    6.431590E-01    1.108574E+00   
 1.333546E+00    6.423859E-01    1.107138E+00   
 1.331891E+00    6.416131E-01    1.105703E+00   
 1.330235E+00    6.408405E-01    1.104267E+00   
 1.328579E+00    6.400681E-01    1.102832E+00   
 1.326923E+00    6.392960E-01    1.101396E+00   
 1.325266E+00    6.385242E-01    1.099960E+00   
 1.323608E+00    6.377526E-01    1.098524E+00   
 1.321950E+00    6.369813E-01    1.097088E+00   
 1.320292E+00    6.362103E-01    1.095651E+00   
 1.318634E+00    6.354396E-01    1.094215E+00   
 1.316975E+00    6.346692E-01    1.092779E+00   
 1.315315E+00    6.338991E-01    1.091342E+00   
 1.313656E+00    6.331293E-01    1.089906E+00   
 1.311996E+00    6.323599E-01    1.088470E+00   
 1.310335E+00    6.315908E-01    1.087034E+00   
 1.308675E+00    6.308221E-01    1.085598E+00   
 1.307014E+00    6.300537E-01    1.084162E+00   
 1.305353E+00    6.292857E-01    1.082726E+00   
 1.303691E+00    6.285180E-01    1.081290E+00   
 1.302030E+00    6.277508E-01    1.079854E+00   
 1.300368E+00    6.269839E-01    1.078418E+00   
 1.298705E+00    6.262174E-01    1.076983E+00   
 1.297043E+00    6.254514E-01    1.075547E+00   
 1.295381E+00    6.246858E-01    1.074112E+00   
 1.293718E+00    6.239206E-01    1.072677E+00   
 1.292055E+00    6.231558E-01    1.071243E+00   
 1.290392E+00    6.223915E-01    1.069808E+00   
 1.288728E+00    6.216276E-01    1.068374E+00   
 1.287065E+00    6.208642E-01    1.066940E+00   
 1.285401E+00    6.201012E-01    1.065506E+00   
 1.283738E+00    6.193387E-01    1.064073E+00   
 1.282074E+00    6.185767E-01    1.062640E+00   
 1.280410E+00    6.178152E-01    1.061207E+00   
 1.278746E+00    6.170542E-01    1.059775E+00   
 1.277082E+00    6.162937E-01    1.058343E+00   
 1.275418E+00    6.155338E-01    1.056911E+00   
 1.273754E+00    6.147743E-01    1.055480E+00   
 1.272090E+00    6.140154E-01    1.054049E+00   
 1.270426E+00    6.132570E-01    1.052618E+00   
 1.268762E+00    6.124992E-01    1.051188E+00   
 1.267097E+00    6.117419E-01    1.049758E+00   
 1.265433E+00    6.109851E-01    1.048329E+00   
 1.263769E+00    6.102290E-01    1.046901E+00   
 1.262105E+00    6.094734E-01    1.045472E+00   
 1.260441E+00    6.087184E-01    1.044045E+00   
 1.258777E+00    6.079640E-01    1.042618E+00   
 1.257113E+00    6.072102E-01    1.041191E+00   
 1.255450E+00    6.064570E-01    1.039765E+00   
 1.253786E+00    6.057044E-01    1.038339E+00   
 1.252122E+00    6.049525E-01    1.036914E+00   
 1.250459E+00    6.042012E-01    1.035490E+00   
 1.248796E+00    6.034505E-01    1.034066E+00   
 1.247132E+00    6.027004E-01    1.032643E+00   
 1.245469E+00    6.019510E-01    1.031221E+00   
 1.243807E+00    6.012023E-01    1.029799E+00   
 1.242144E+00    6.004542E-01    1.028378E+00   
 1.240481E+00    5.997068E-01    1.026957E+00   
 1.238819E+00    5.989601E-01    1.025537E+00   
 1.237157E+00    5.982140E-01    1.024118E+00   
 1.235495E+00    5.974687E-01    1.022700E+00   
 1.233834E+00    5.967241E-01    1.021282E+00   
 1.232172E+00    5.959801E-01    1.019865E+00   
 1.230511E+00    5.952369E-01    1.018449E+00   
 1.228851E+00    5.944944E-01    1.017034E+00   
 1.227190E+00    5.937526E-01    1.015619E+00   
 1.225530E+00    5.930116E-01    1.014206E+00   
 1.223870E+00    5.922713E-01    1.012793E+00   
 1.222211E+00    5.915318E-01    1.011381E+00   
 1.220551E+00    5.907930E-01    1.009969E+00   
 1.218892E+00    5.900549E-01    1.008559E+00   
 1.217234E+00    5.893177E-01    1.007150E+00   
 1.215576E+00    5.885812E-01    1.005741E+00   
 1.213918E+00    5.878455E-01    1.004333E+00   
 1.212261E+00    5.871106E-01    1.002926E+00   
 1.210604E+00    5.863764E-01    1.001520E+00   
 1.208947E+00    5.856431E-01    1.000115E+00   
 1.207291E+00    5.849106E-01    9.987115E-01   
 1.205635E+00    5.841789E-01    9.973084E-01   
 1.203980E+00    5.834480E-01    9.959064E-01   
 1.202325E+00    5.827180E-01    9.945053E-01   
 1.200671E+00    5.819888E-01    9.931052E-01   
 1.199017E+00    5.812604E-01    9.917062E-01   
 1.197363E+00    5.805328E-01    9.903082E-01   
 1.195710E+00    5.798062E-01    9.889112E-01   
 1.194058E+00    5.790803E-01    9.875153E-01   
 1.192406E+00    5.783554E-01    9.861205E-01   
 1.190755E+00    5.776313E-01    9.847267E-01   
 1.189104E+00    5.769081E-01    9.833341E-01   
 1.187454E+00    5.761857E-01    9.819426E-01   
 1.185804E+00    5.754643E-01    9.805521E-01   
 1.184155E+00    5.747437E-01    9.791629E-01   
 1.182506E+00    5.740241E-01    9.777747E-01   
 1.180859E+00    5.733053E-01    9.763877E-01   
 1.179211E+00    5.725875E-01    9.750019E-01   
 1.177565E+00    5.718706E-01    9.736173E-01   
 1.175919E+00    5.711546E-01    9.722339E-01   
 1.174273E+00    5.704395E-01    9.708517E-01   
 1.172628E+00    5.697254E-01    9.694707E-01   
 1.170984E+00    5.690122E-01    9.680910E-01   
 1.169341E+00    5.683000E-01    9.667125E-01   
 1.167698E+00    5.675887E-01    9.653353E-01   
 1.166056E+00    5.668783E-01    9.639593E-01   
 1.164415E+00    5.661690E-01    9.625846E-01   
 1.162774E+00    5.654606E-01    9.612112E-01   
 1.161135E+00    5.647532E-01    9.598392E-01   
 1.159495E+00    5.640467E-01    9.584684E-01   
 1.157857E+00    5.633413E-01    9.570990E-01   
 1.156219E+00    5.626368E-01    9.557310E-01   
 1.154583E+00    5.619333E-01    9.543643E-01   
 1.152947E+00    5.612308E-01    9.529989E-01   
 1.151311E+00    5.605294E-01    9.516350E-01   
 1.149677E+00    5.598289E-01    9.502724E-01   
 1.148043E+00    5.591295E-01    9.489113E-01   
 1.146410E+00    5.584311E-01    9.475515E-01   
 1.144779E+00    5.577337E-01    9.461932E-01   
 1.143147E+00    5.570373E-01    9.448364E-01   
 1.141517E+00    5.563420E-01    9.434810E-01   
 1.139888E+00    5.556478E-01    9.421270E-01   
 1.138259E+00    5.549545E-01    9.407746E-01   
 1.136632E+00    5.542624E-01    9.394236E-01   
 1.135005E+00    5.535713E-01    9.380742E-01   
 1.133379E+00    5.528812E-01    9.367262E-01   
 1.131754E+00    5.521923E-01    9.353798E-01   
 1.130130E+00    5.515044E-01    9.340349E-01   
 1.128507E+00    5.508175E-01    9.326915E-01   
 1.126885E+00    5.501318E-01    9.313497E-01   
 1.125264E+00    5.494471E-01    9.300095E-01   
 1.123644E+00    5.487636E-01    9.286709E-01   
 1.122025E+00    5.480811E-01    9.273338E-01   
 1.120407E+00    5.473998E-01    9.259984E-01   
 1.118790E+00    5.467195E-01    9.246646E-01   
 1.117174E+00    5.460404E-01    9.233324E-01   
 1.115559E+00    5.453624E-01    9.220018E-01   
 1.113945E+00    5.446855E-01    9.206729E-01   
 1.112332E+00    5.440097E-01    9.193457E-01   
 1.110720E+00    5.433351E-01    9.180201E-01   
 1.109109E+00    5.426616E-01    9.166962E-01   
 1.107499E+00    5.419892E-01    9.153740E-01   
 1.105890E+00    5.413180E-01    9.140535E-01   
 1.104283E+00    5.406479E-01    9.127347E-01   
 1.102676E+00    5.399790E-01    9.114176E-01   
 1.101071E+00    5.393112E-01    9.101023E-01   
 1.099467E+00    5.386446E-01    9.087887E-01   
 1.097864E+00    5.379792E-01    9.074769E-01   
 1.096262E+00    5.373149E-01    9.061669E-01   
 1.094661E+00    5.366518E-01    9.048586E-01   
 1.093061E+00    5.359899E-01    9.035521E-01   
 1.091463E+00    5.353292E-01    9.022474E-01   
 1.089866E+00    5.346697E-01    9.009446E-01   
 1.088270E+00    5.340113E-01    8.996435E-01   
 1.086675E+00    5.333542E-01    8.983443E-01   
 1.085082E+00    5.326982E-01    8.970470E-01   
 1.083489E+00    5.320435E-01    8.957514E-01   
 1.081898E+00    5.313899E-01    8.944578E-01   
 1.080308E+00    5.307376E-01    8.931660E-01   
 1.078720E+00    5.300865E-01    8.918761E-01   
 1.077133E+00    5.294366E-01    8.905881E-01   
 1.075547E+00    5.287880E-01    8.893020E-01   
 1.073962E+00    5.281405E-01    8.880179E-01   
 1.072379E+00    5.274943E-01    8.867356E-01   
 1.070797E+00    5.268493E-01    8.854553E-01   
 1.069216E+00    5.262056E-01    8.841769E-01   
 1.067636E+00    5.255631E-01    8.829005E-01   
 1.066058E+00    5.249219E-01    8.816260E-01   
 1.064482E+00    5.242819E-01    8.803536E-01   
 1.062906E+00    5.236432E-01    8.790831E-01   
 1.061333E+00    5.230057E-01    8.778146E-01   
 1.059760E+00    5.223695E-01    8.765481E-01   
 1.058189E+00    5.217345E-01    8.752836E-01   
 1.056619E+00    5.211009E-01    8.740211E-01   
 1.055051E+00    5.204684E-01    8.727607E-01   
 1.053484E+00    5.198373E-01    8.715023E-01   
 1.051919E+00    5.192075E-01    8.702460E-01   
 1.050355E+00    5.185789E-01    8.689917E-01   
 1.048792E+00    5.179516E-01    8.677395E-01   
 1.047231E+00    5.173256E-01    8.664894E-01   
 1.045672E+00    5.167009E-01    8.652414E-01   
 1.044113E+00    5.160775E-01    8.639955E-01   
 1.042557E+00    5.154554E-01    8.627516E-01   
 1.041002E+00    5.148346E-01    8.615099E-01   
 1.039448E+00    5.142151E-01    8.602704E-01   
 1.037896E+00    5.135969E-01    8.590329E-01   
 1.036346E+00    5.129801E-01    8.577977E-01   
 1.034797E+00    5.123645E-01    8.565645E-01   
 1.033250E+00    5.117503E-01    8.553335E-01   
 1.031704E+00    5.111374E-01    8.541047E-01   
 1.030160E+00    5.105258E-01    8.528781E-01   
 1.028617E+00    5.099155E-01    8.516537E-01   
 1.027076E+00    5.093066E-01    8.504315E-01   
 1.025537E+00    5.086990E-01    8.492115E-01   
 1.023999E+00    5.080927E-01    8.479937E-01   
 1.022463E+00    5.074878E-01    8.467781E-01   
 1.020928E+00    5.068842E-01    8.455647E-01   
 1.019396E+00    5.062820E-01    8.443536E-01   
 1.017864E+00    5.056811E-01    8.431448E-01   
 1.016335E+00    5.050816E-01    8.419382E-01   
 1.014807E+00    5.044834E-01    8.407339E-01   
 1.013281E+00    5.038865E-01    8.395318E-01   
 1.011757E+00    5.032911E-01    8.383321E-01   
 1.010234E+00    5.026970E-01    8.371346E-01   
 1.008713E+00    5.021042E-01    8.359394E-01   
 1.007194E+00    5.015129E-01    8.347466E-01   
 1.005676E+00    5.009229E-01    8.335560E-01   
 1.004160E+00    5.003342E-01    8.323678E-01   
 1.002647E+00    4.997470E-01    8.311819E-01   
 1.001134E+00    4.991611E-01    8.299984E-01   
 9.996239E-01    4.985766E-01    8.288172E-01   
 9.981152E-01    4.979935E-01    8.276384E-01   
 9.966084E-01    4.974118E-01    8.264619E-01   
 9.951033E-01    4.968314E-01    8.252878E-01   
 9.936001E-01    4.962525E-01    8.241161E-01   
 9.920988E-01    4.956749E-01    8.229468E-01   
 9.905992E-01    4.950987E-01    8.217798E-01   
 9.891015E-01    4.945240E-01    8.206153E-01   
 9.876057E-01    4.939506E-01    8.194532E-01   
 9.861117E-01    4.933786E-01    8.182935E-01   
 9.846196E-01    4.928081E-01    8.171362E-01   
 9.831295E-01    4.922389E-01    8.159814E-01   
 9.816412E-01    4.916711E-01    8.148290E-01   
 9.801548E-01    4.911048E-01    8.136791E-01   
 9.786703E-01    4.905399E-01    8.125316E-01   
 9.771877E-01    4.899763E-01    8.113866E-01   
 9.757071E-01    4.894142E-01    8.102440E-01   
 9.742285E-01    4.888535E-01    8.091039E-01   
 9.727518E-01    4.882943E-01    8.079663E-01   
 9.712770E-01    4.877364E-01    8.068312E-01   
 9.698043E-01    4.871800E-01    8.056986E-01   
 9.683335E-01    4.866250E-01    8.045685E-01   
 9.668647E-01    4.860714E-01    8.034409E-01   
 9.653979E-01    4.855192E-01    8.023159E-01   
 9.639332E-01    4.849685E-01    8.011933E-01   
 9.624704E-01    4.844192E-01    8.000733E-01   
 9.610097E-01    4.838714E-01    7.989558E-01   
 9.595510E-01    4.833250E-01    7.978409E-01   
 9.580944E-01    4.827800E-01    7.967285E-01   
 9.566398E-01    4.822364E-01    7.956187E-01   
 9.551873E-01    4.816943E-01    7.945115E-01   
 9.537369E-01    4.811537E-01    7.934068E-01   
 9.522886E-01    4.806144E-01    7.923047E-01   
 9.508424E-01    4.800767E-01    7.912052E-01   
 9.493983E-01    4.795403E-01    7.901082E-01   
 9.479563E-01    4.790054E-01    7.890139E-01   
 9.465164E-01    4.784720E-01    7.879222E-01   
 9.450787E-01    4.779400E-01    7.868330E-01   
 9.436431E-01    4.774095E-01    7.857465E-01   
 9.422096E-01    4.768804E-01    7.846626E-01   
 9.407783E-01    4.763528E-01    7.835813E-01   
 9.393492E-01    4.758266E-01    7.825027E-01   
 9.379223E-01    4.753019E-01    7.814267E-01   
 9.364976E-01    4.747786E-01    7.803533E-01   
 9.350751E-01    4.742568E-01    7.792826E-01   
 9.336547E-01    4.737365E-01    7.782146E-01   
 9.322366E-01    4.732176E-01    7.771492E-01   
 9.308207E-01    4.727002E-01    7.760865E-01   
 9.294071E-01    4.721843E-01    7.750264E-01   
 9.279957E-01    4.716698E-01    7.739690E-01   
 9.265866E-01    4.711567E-01    7.729143E-01   
 9.251797E-01    4.706452E-01    7.718623E-01   
 9.237751E-01    4.701351E-01    7.708130E-01   
 9.223728E-01    4.696265E-01    7.697663E-01   
 9.209727E-01    4.691193E-01    7.687224E-01   
 9.195750E-01    4.686137E-01    7.676812E-01   
 9.181796E-01    4.681094E-01    7.666427E-01   
 9.167865E-01    4.676067E-01    7.656069E-01   
 9.153957E-01    4.671054E-01    7.645738E-01   
 9.140072E-01    4.666056E-01    7.635435E-01   
 9.126211E-01    4.661073E-01    7.625158E-01   
 9.112374E-01    4.656105E-01    7.614910E-01   
 9.098560E-01    4.651151E-01    7.604688E-01   
 9.084770E-01    4.646212E-01    7.594494E-01   
 9.071003E-01    4.641288E-01    7.584328E-01   
 9.057261E-01    4.636379E-01    7.574189E-01   
 9.043542E-01    4.631484E-01    7.564078E-01   
 9.029848E-01    4.626604E-01    7.553994E-01   
 9.016178E-01    4.621739E-01    7.543938E-01   
 9.002532E-01    4.616889E-01    7.533910E-01   
 8.988910E-01    4.612054E-01    7.523909E-01   
 8.975312E-01    4.607233E-01    7.513936E-01   
 8.961739E-01    4.602427E-01    7.503991E-01   
 8.948191E-01    4.597636E-01    7.494074E-01   
 8.934667E-01    4.592860E-01    7.484185E-01   
 8.921168E-01    4.588099E-01    7.474324E-01   
 8.907694E-01    4.583352E-01    7.464491E-01   
 8.894245E-01    4.578620E-01    7.454686E-01   
 8.880821E-01    4.573903E-01    7.444909E-01   
 8.867422E-01    4.569201E-01    7.435160E-01   
 8.854048E-01    4.564514E-01    7.425439E-01   
 8.840699E-01    4.559842E-01    7.415746E-01   
 8.827376E-01    4.555184E-01    7.406082E-01   
 8.814078E-01    4.550541E-01    7.396446E-01   
 8.800805E-01    4.545914E-01    7.386838E-01   
 8.787558E-01    4.541301E-01    7.377259E-01   
 8.774337E-01    4.536702E-01    7.367707E-01   
 8.761141E-01    4.532119E-01    7.358185E-01   
 8.747972E-01    4.527550E-01    7.348690E-01   
 8.734828E-01    4.522997E-01    7.339224E-01   
 8.721710E-01    4.518458E-01    7.329787E-01   
 8.708618E-01    4.513934E-01    7.320378E-01   
 8.695553E-01    4.509425E-01    7.310998E-01   
 8.682513E-01    4.504930E-01    7.301646E-01   
 8.669500E-01    4.500451E-01    7.292323E-01   
 8.656513E-01    4.495986E-01    7.283028E-01   
 8.643553E-01    4.491536E-01    7.273762E-01   
 8.630619E-01    4.487101E-01    7.264525E-01   
 8.617712E-01    4.482681E-01    7.255317E-01   
 8.604832E-01    4.478276E-01    7.246137E-01   
 8.591978E-01    4.473885E-01    7.236986E-01   
 8.579151E-01    4.469510E-01    7.227864E-01   
 8.566351E-01    4.465149E-01    7.218770E-01   
 8.553579E-01    4.460803E-01    7.209706E-01   
 8.540833E-01    4.456472E-01    7.200670E-01   
 8.528114E-01    4.452155E-01    7.191663E-01   
 8.515423E-01    4.447854E-01    7.182685E-01   
 8.502759E-01    4.443567E-01    7.173736E-01   
 8.490122E-01    4.439295E-01    7.164816E-01   
 8.477513E-01    4.435037E-01    7.155925E-01   
 8.464931E-01    4.430795E-01    7.147063E-01   
 8.452377E-01    4.426567E-01    7.138230E-01   
 8.439851E-01    4.422354E-01    7.129426E-01   
 8.427352E-01    4.418156E-01    7.120651E-01   
 8.414881E-01    4.413973E-01    7.111905E-01   
 8.402438E-01    4.409804E-01    7.103189E-01   
 8.390023E-01    4.405650E-01    7.094501E-01   
 8.377636E-01    4.401511E-01    7.085842E-01   
 8.365278E-01    4.397387E-01    7.077213E-01   
 8.352947E-01    4.393277E-01    7.068613E-01   
 8.340645E-01    4.389182E-01    7.060041E-01   
 8.328371E-01    4.385102E-01    7.051500E-01   
 8.316125E-01    4.381036E-01    7.042987E-01   
 8.303908E-01    4.376986E-01    7.034503E-01   
 8.291719E-01    4.372950E-01    7.026049E-01   
 8.279559E-01    4.368928E-01    7.017624E-01   
 8.267428E-01    4.364921E-01    7.009228E-01   
 8.255326E-01    4.360929E-01    7.000862E-01   
 8.243252E-01    4.356952E-01    6.992524E-01   
 8.231207E-01    4.352989E-01    6.984216E-01   
 8.219191E-01    4.349041E-01    6.975938E-01   
 8.207204E-01    4.345107E-01    6.967688E-01   
 8.195246E-01    4.341189E-01    6.959468E-01   
 8.183318E-01    4.337284E-01    6.951278E-01   
 8.171418E-01    4.333395E-01    6.943116E-01   
 8.159548E-01    4.329520E-01    6.934984E-01   
 8.147707E-01    4.325659E-01    6.926881E-01   
 8.135896E-01    4.321813E-01    6.918808E-01   
 8.124114E-01    4.317982E-01    6.910764E-01   
 8.112362E-01    4.314165E-01    6.902749E-01   
 8.100639E-01    4.310363E-01    6.894764E-01   
 8.088946E-01    4.306575E-01    6.886808E-01   
 8.077282E-01    4.302802E-01    6.878882E-01   
 8.065649E-01    4.299043E-01    6.870984E-01   
 8.054045E-01    4.295299E-01    6.863117E-01   
 8.042471E-01    4.291569E-01    6.855278E-01   
 8.030927E-01    4.287854E-01    6.847469E-01   
 8.019413E-01    4.284153E-01    6.839690E-01   
 8.007929E-01    4.280467E-01    6.831940E-01   
 7.996476E-01    4.276795E-01    6.824219E-01   
 7.985052E-01    4.273137E-01    6.816527E-01   
 7.973659E-01    4.269494E-01    6.808865E-01   
 7.962296E-01    4.265865E-01    6.801233E-01   
 7.950964E-01    4.262251E-01    6.793629E-01   
 7.939662E-01    4.258651E-01    6.786056E-01   
 7.928390E-01    4.255065E-01    6.778511E-01   
 7.917149E-01    4.251494E-01    6.770996E-01   
 7.905939E-01    4.247937E-01    6.763510E-01   
 7.894759E-01    4.244394E-01    6.756054E-01   
 7.883610E-01    4.240866E-01    6.748627E-01   
 7.872492E-01    4.237352E-01    6.741230E-01   
 7.861404E-01    4.233852E-01    6.733861E-01   
 7.850348E-01    4.230367E-01    6.726523E-01   
 7.839322E-01    4.226895E-01    6.719213E-01   
 7.828328E-01    4.223438E-01    6.711933E-01   
 7.817364E-01    4.219995E-01    6.704682E-01   
 7.806431E-01    4.216567E-01    6.697461E-01   
 7.795530E-01    4.213152E-01    6.690269E-01   
 7.784660E-01    4.209752E-01    6.683106E-01   
 7.773821E-01    4.206366E-01    6.675972E-01   
 7.763013E-01    4.202993E-01    6.668868E-01   
 7.752237E-01    4.199635E-01    6.661793E-01   
 7.741492E-01    4.196292E-01    6.654748E-01   
 7.730778E-01    4.192962E-01    6.647731E-01   
 7.720096E-01    4.189646E-01    6.640744E-01   
 7.709446E-01    4.186344E-01    6.633787E-01   
 7.698827E-01    4.183056E-01    6.626858E-01   
 7.688239E-01    4.179783E-01    6.619959E-01   
 7.677683E-01    4.176523E-01    6.613089E-01   
