 0.000000E+00    0.000000E+00   
 1.303249E+00    7.928674E-01   
 1.301932E+00    7.783700E-01   
 1.300427E+00    7.640621E-01   
 1.298738E+00    7.499401E-01   
 1.296872E+00    7.360008E-01   
 1.294834E+00    7.222407E-01   
 1.292629E+00    7.086566E-01   
 1.290262E+00    6.952453E-01   
 1.287737E+00    6.820035E-01   
 1.285061E+00    6.689282E-01   
 1.282237E+00    6.560164E-01   
 1.279270E+00    6.432651E-01   
 1.276164E+00    6.306713E-01   
 1.272924E+00    6.182323E-01   
 1.269555E+00    6.059451E-01   
 1.266059E+00    5.938071E-01   
 1.262442E+00    5.818156E-01   
 1.258707E+00    5.699679E-01   
 1.254858E+00    5.582615E-01   
 1.250899E+00    5.466938E-01   
 1.246834E+00    5.352623E-01   
 1.242666E+00    5.239645E-01   
 1.238398E+00    5.127982E-01   
 1.234034E+00    5.017609E-01   
 1.229577E+00    4.908504E-01   
 1.225031E+00    4.800644E-01   
 1.220398E+00    4.694006E-01   
 1.215683E+00    4.588571E-01   
 1.210886E+00    4.484315E-01   
 1.206013E+00    4.381219E-01   
 1.201064E+00    4.279262E-01   
 1.196044E+00    4.178425E-01   
 1.190955E+00    4.078687E-01   
 1.185799E+00    3.980030E-01   
 1.180580E+00    3.882434E-01   
 1.175298E+00    3.785882E-01   
 1.169958E+00    3.690355E-01   
 1.164561E+00    3.595836E-01   
 1.159110E+00    3.502307E-01   
 1.153606E+00    3.409751E-01   
 1.148053E+00    3.318152E-01   
 1.142451E+00    3.227494E-01   
 1.136804E+00    3.137760E-01   
 1.131113E+00    3.048935E-01   
 1.125381E+00    2.961004E-01   
 1.119608E+00    2.873951E-01   
 1.113797E+00    2.787762E-01   
 1.107951E+00    2.702422E-01   
 1.102069E+00    2.617917E-01   
 1.096155E+00    2.534233E-01   
 1.090210E+00    2.451357E-01   
 1.084235E+00    2.369275E-01   
 1.078232E+00    2.287975E-01   
 1.072203E+00    2.207443E-01   
 1.066149E+00    2.127667E-01   
 1.060072E+00    2.048634E-01   
 1.053972E+00    1.970333E-01   
 1.047852E+00    1.892752E-01   
 1.041713E+00    1.815879E-01   
 1.035555E+00    1.739703E-01   
 1.029381E+00    1.664213E-01   
 1.023191E+00    1.589398E-01   
 1.016987E+00    1.515246E-01   
 1.010770E+00    1.441749E-01   
 1.004540E+00    1.368895E-01   
 9.982998E-01    1.296674E-01   
 9.920494E-01    1.225077E-01   
 9.857901E-01    1.154094E-01   
 9.795229E-01    1.083715E-01   
 9.732488E-01    1.013931E-01   
 9.669687E-01    9.447337E-02   
 9.606835E-01    8.761132E-02   
 9.543942E-01    8.080611E-02   
 9.481015E-01    7.405689E-02   
 9.418063E-01    6.736281E-02   
 9.355095E-01    6.072306E-02   
 9.292118E-01    5.413682E-02   
 9.229139E-01    4.760330E-02   
 9.166167E-01    4.112174E-02   
 9.103208E-01    3.469137E-02   
 9.040269E-01    2.831145E-02   
 8.977358E-01    2.198124E-02   
 8.914480E-01    1.570004E-02   
 8.851642E-01    9.467138E-03   
 8.788850E-01    3.281852E-03   
 8.726110E-01   -2.856492E-03   
 8.663428E-01   -8.948556E-03   
 8.600810E-01   -1.499499E-02   
 8.538260E-01   -2.099642E-02   
 8.475784E-01   -2.695347E-02   
 8.413387E-01   -3.286675E-02   
 8.351074E-01   -3.873687E-02   
 8.288850E-01   -4.456440E-02   
 8.226719E-01   -5.034992E-02   
 8.164685E-01   -5.609399E-02   
 8.102754E-01   -6.179716E-02   
 8.040928E-01   -6.745999E-02   
 7.979212E-01   -7.308299E-02   
 7.917610E-01   -7.866668E-02   
 7.856126E-01   -8.421158E-02   
 7.794763E-01   -8.971818E-02   
 7.733524E-01   -9.518698E-02   
 7.672413E-01   -1.006185E-01   
 7.611434E-01   -1.060131E-01   
 7.550588E-01   -1.113713E-01   
 7.489880E-01   -1.166936E-01   
 7.429311E-01   -1.219804E-01   
 7.368885E-01   -1.272321E-01   
 7.308605E-01   -1.324492E-01   
 7.248472E-01   -1.376321E-01   
 7.188490E-01   -1.427812E-01   
 7.128660E-01   -1.478968E-01   
 7.068986E-01   -1.529795E-01   
 7.009468E-01   -1.580295E-01   
 6.950110E-01   -1.630473E-01   
 6.890912E-01   -1.680332E-01   
 6.831878E-01   -1.729876E-01   
 6.773009E-01   -1.779108E-01   
 6.714306E-01   -1.828033E-01   
 6.655771E-01   -1.876652E-01   
 6.597406E-01   -1.924971E-01   
 6.539212E-01   -1.972991E-01   
 6.481191E-01   -2.020717E-01   
 6.423344E-01   -2.068151E-01   
 6.365672E-01   -2.115297E-01   
 6.308177E-01   -2.162157E-01   
 6.250859E-01   -2.208735E-01   
 6.193721E-01   -2.255033E-01   
 6.136762E-01   -2.301055E-01   
 6.079984E-01   -2.346803E-01   
 6.023387E-01   -2.392280E-01   
 5.966973E-01   -2.437488E-01   
 5.910743E-01   -2.482431E-01   
 5.854696E-01   -2.527111E-01   
 5.798835E-01   -2.571530E-01   
 5.743158E-01   -2.615691E-01   
 5.687668E-01   -2.659597E-01   
 5.632365E-01   -2.703249E-01   
 5.577249E-01   -2.746650E-01   
 5.522320E-01   -2.789803E-01   
 5.467579E-01   -2.832710E-01   
 5.413027E-01   -2.875373E-01   
 5.358663E-01   -2.917794E-01   
 5.304488E-01   -2.959975E-01   
 5.250503E-01   -3.001919E-01   
 5.196707E-01   -3.043627E-01   
 5.143101E-01   -3.085101E-01   
 5.089685E-01   -3.126344E-01   
 5.036458E-01   -3.167357E-01   
 4.983422E-01   -3.208143E-01   
 4.930576E-01   -3.248702E-01   
 4.877920E-01   -3.289038E-01   
 4.825454E-01   -3.329151E-01   
 4.773178E-01   -3.369044E-01   
 4.721092E-01   -3.408718E-01   
 4.669196E-01   -3.448175E-01   
 4.617490E-01   -3.487416E-01   
 4.565973E-01   -3.526444E-01   
 4.514646E-01   -3.565259E-01   
 4.463509E-01   -3.603864E-01   
 4.412560E-01   -3.642259E-01   
 4.361800E-01   -3.680447E-01   
 4.311229E-01   -3.718429E-01   
 4.260846E-01   -3.756205E-01   
 4.210651E-01   -3.793779E-01   
 4.160644E-01   -3.831151E-01   
 4.110824E-01   -3.868322E-01   
 4.061192E-01   -3.905293E-01   
 4.011745E-01   -3.942067E-01   
 3.962486E-01   -3.978644E-01   
 3.913411E-01   -4.015026E-01   
 3.864523E-01   -4.051214E-01   
 3.815819E-01   -4.087208E-01   
 3.767300E-01   -4.123011E-01   
 3.718965E-01   -4.158623E-01   
 3.670813E-01   -4.194046E-01   
 3.622844E-01   -4.229280E-01   
 3.575059E-01   -4.264328E-01   
 3.527455E-01   -4.299188E-01   
 3.480032E-01   -4.333864E-01   
 3.432791E-01   -4.368356E-01   
 3.385730E-01   -4.402664E-01   
 3.338849E-01   -4.436791E-01   
 3.292148E-01   -4.470736E-01   
 3.245625E-01   -4.504501E-01   
 3.199280E-01   -4.538087E-01   
 3.153113E-01   -4.571494E-01   
 3.107122E-01   -4.604724E-01   
 3.061308E-01   -4.637778E-01   
 3.015670E-01   -4.670656E-01   
 2.970207E-01   -4.703359E-01   
 2.924919E-01   -4.735888E-01   
 2.879804E-01   -4.768243E-01   
 2.834862E-01   -4.800427E-01   
 2.790093E-01   -4.832439E-01   
 2.745496E-01   -4.864280E-01   
 2.701070E-01   -4.895951E-01   
 2.656815E-01   -4.927453E-01   
 2.612729E-01   -4.958786E-01   
 2.568813E-01   -4.989951E-01   
 2.525065E-01   -5.020949E-01   
 2.481485E-01   -5.051781E-01   
 2.438072E-01   -5.082446E-01   
 2.394826E-01   -5.112947E-01   
 2.351745E-01   -5.143283E-01   
 2.308830E-01   -5.173455E-01   
 2.266079E-01   -5.203464E-01   
 2.223491E-01   -5.233311E-01   
 2.181067E-01   -5.262995E-01   
 2.138805E-01   -5.292518E-01   
 2.096704E-01   -5.321880E-01   
 2.054765E-01   -5.351082E-01   
 2.012985E-01   -5.380124E-01   
 1.971365E-01   -5.409007E-01   
 1.929904E-01   -5.437731E-01   
 1.888601E-01   -5.466297E-01   
 1.847455E-01   -5.494706E-01   
 1.806466E-01   -5.522957E-01   
 1.765632E-01   -5.551052E-01   
 1.724954E-01   -5.578991E-01   
 1.684430E-01   -5.606774E-01   
 1.644060E-01   -5.634402E-01   
 1.603844E-01   -5.661876E-01   
 1.563779E-01   -5.689195E-01   
 1.523866E-01   -5.716360E-01   
 1.484104E-01   -5.743372E-01   
 1.444493E-01   -5.770231E-01   
 1.405031E-01   -5.796938E-01   
 1.365717E-01   -5.823492E-01   
 1.326552E-01   -5.849895E-01   
 1.287534E-01   -5.876147E-01   
 1.248663E-01   -5.902248E-01   
 1.209938E-01   -5.928198E-01   
 1.171358E-01   -5.953999E-01   
 1.132923E-01   -5.979649E-01   
 1.094632E-01   -6.005151E-01   
 1.056484E-01   -6.030503E-01   
 1.018479E-01   -6.055707E-01   
 9.806151E-02   -6.080762E-01   
 9.428927E-02   -6.105670E-01   
 9.053108E-02   -6.130430E-01   
 8.678686E-02   -6.155043E-01   
 8.305656E-02   -6.179508E-01   
 7.934010E-02   -6.203828E-01   
 7.563742E-02   -6.228001E-01   
 7.194845E-02   -6.252028E-01   
 6.827312E-02   -6.275910E-01   
 6.461137E-02   -6.299646E-01   
 6.096313E-02   -6.323237E-01   
 5.732833E-02   -6.346683E-01   
 5.370691E-02   -6.369986E-01   
 5.009880E-02   -6.393143E-01   
 4.650394E-02   -6.416158E-01   
 4.292226E-02   -6.439028E-01   
 3.935371E-02   -6.461755E-01   
 3.579820E-02   -6.484339E-01   
 3.225569E-02   -6.506781E-01   
 2.872610E-02   -6.529080E-01   
 2.520938E-02   -6.551237E-01   
 2.170546E-02   -6.573251E-01   
 1.821427E-02   -6.595125E-01   
 1.473576E-02   -6.616856E-01   
 1.126987E-02   -6.638447E-01   
 7.816527E-03   -6.659896E-01   
 4.375676E-03   -6.681205E-01   
 9.472557E-04   -6.702373E-01   
-2.468794E-03   -6.723402E-01   
-5.872534E-03   -6.744290E-01   
-9.264024E-03   -6.765038E-01   
-1.264332E-02   -6.785647E-01   
-1.601049E-02   -6.806117E-01   
-1.936558E-02   -6.826447E-01   
-2.270866E-02   -6.846639E-01   
-2.603979E-02   -6.866692E-01   
-2.935901E-02   -6.886607E-01   
-3.266639E-02   -6.906383E-01   
-3.596198E-02   -6.926022E-01   
-3.924585E-02   -6.945523E-01   
-4.251804E-02   -6.964886E-01   
-4.577862E-02   -6.984112E-01   
-4.902763E-02   -7.003201E-01   
-5.226514E-02   -7.022153E-01   
-5.549119E-02   -7.040969E-01   
-5.870585E-02   -7.059648E-01   
-6.190916E-02   -7.078190E-01   
-6.510118E-02   -7.096597E-01   
-6.828196E-02   -7.114868E-01   
-7.145155E-02   -7.133003E-01   
-7.461001E-02   -7.151002E-01   
-7.775739E-02   -7.168867E-01   
-8.089374E-02   -7.186596E-01   
-8.401911E-02   -7.204191E-01   
-8.713356E-02   -7.221651E-01   
-9.023712E-02   -7.238976E-01   
-9.332986E-02   -7.256168E-01   
-9.641181E-02   -7.273225E-01   
-9.948304E-02   -7.290148E-01   
-1.025436E-01   -7.306938E-01   
-1.055935E-01   -7.323594E-01   
-1.086328E-01   -7.340117E-01   
-1.116616E-01   -7.356507E-01   
-1.146799E-01   -7.372764E-01   
-1.176878E-01   -7.388888E-01   
-1.206853E-01   -7.404880E-01   
-1.236724E-01   -7.420739E-01   
-1.266492E-01   -7.436467E-01   
-1.296157E-01   -7.452062E-01   
-1.325721E-01   -7.467526E-01   
-1.355182E-01   -7.482859E-01   
-1.384543E-01   -7.498060E-01   
-1.413803E-01   -7.513129E-01   
-1.442962E-01   -7.528068E-01   
-1.472021E-01   -7.542877E-01   
-1.500981E-01   -7.557554E-01   
-1.529842E-01   -7.572102E-01   
-1.558604E-01   -7.586519E-01   
-1.587267E-01   -7.600806E-01   
-1.615833E-01   -7.614964E-01   
-1.644302E-01   -7.628991E-01   
-1.672673E-01   -7.642890E-01   
-1.700948E-01   -7.656659E-01   
-1.729127E-01   -7.670300E-01   
-1.757209E-01   -7.683812E-01   
-1.785197E-01   -7.697195E-01   
-1.813089E-01   -7.710450E-01   
-1.840886E-01   -7.723576E-01   
-1.868590E-01   -7.736575E-01   
-1.896199E-01   -7.749446E-01   
-1.923715E-01   -7.762189E-01   
-1.951137E-01   -7.774805E-01   
-1.978467E-01   -7.787294E-01   
-2.005704E-01   -7.799656E-01   
-2.032850E-01   -7.811892E-01   
-2.059903E-01   -7.824001E-01   
-2.086865E-01   -7.835983E-01   
-2.113736E-01   -7.847840E-01   
-2.140517E-01   -7.859570E-01   
-2.167207E-01   -7.871175E-01   
-2.193807E-01   -7.882655E-01   
-2.220317E-01   -7.894009E-01   
-2.246738E-01   -7.905238E-01   
-2.273070E-01   -7.916343E-01   
-2.299314E-01   -7.927323E-01   
-2.325469E-01   -7.938178E-01   
-2.351536E-01   -7.948910E-01   
-2.377515E-01   -7.959517E-01   
-2.403407E-01   -7.970001E-01   
-2.429211E-01   -7.980362E-01   
-2.454929E-01   -7.990599E-01   
-2.480561E-01   -8.000713E-01   
-2.506106E-01   -8.010704E-01   
-2.531565E-01   -8.020573E-01   
-2.556939E-01   -8.030320E-01   
-2.582227E-01   -8.039945E-01   
-2.607431E-01   -8.049447E-01   
-2.632549E-01   -8.058829E-01   
-2.657584E-01   -8.068088E-01   
-2.682534E-01   -8.077227E-01   
-2.707400E-01   -8.086245E-01   
-2.732182E-01   -8.095142E-01   
-2.756881E-01   -8.103919E-01   
-2.781497E-01   -8.112576E-01   
-2.806031E-01   -8.121113E-01   
-2.830481E-01   -8.129530E-01   
-2.854849E-01   -8.137828E-01   
-2.879136E-01   -8.146006E-01   
-2.903340E-01   -8.154066E-01   
-2.927463E-01   -8.162007E-01   
-2.951505E-01   -8.169830E-01   
-2.975465E-01   -8.177535E-01   
-2.999345E-01   -8.185122E-01   
-3.023144E-01   -8.192591E-01   
-3.046863E-01   -8.199943E-01   
-3.070502E-01   -8.207179E-01   
-3.094061E-01   -8.214297E-01   
-3.117540E-01   -8.221299E-01   
-3.140940E-01   -8.228184E-01   
-3.164261E-01   -8.234954E-01   
-3.187502E-01   -8.241608E-01   
-3.210665E-01   -8.248146E-01   
-3.233749E-01   -8.254570E-01   
-3.256756E-01   -8.260878E-01   
-3.279683E-01   -8.267072E-01   
-3.302534E-01   -8.273152E-01   
-3.325306E-01   -8.279118E-01   
-3.348001E-01   -8.284970E-01   
-3.370618E-01   -8.290709E-01   
-3.393159E-01   -8.296335E-01   
-3.415622E-01   -8.301847E-01   
-3.438009E-01   -8.307248E-01   
-3.460320E-01   -8.312536E-01   
-3.482554E-01   -8.317712E-01   
-3.504712E-01   -8.322777E-01   
-3.526794E-01   -8.327730E-01   
-3.548800E-01   -8.332572E-01   
-3.570730E-01   -8.337304E-01   
-3.592586E-01   -8.341925E-01   
-3.614366E-01   -8.346436E-01   
-3.636071E-01   -8.350838E-01   
-3.657701E-01   -8.355130E-01   
-3.679256E-01   -8.359312E-01   
-3.700737E-01   -8.363386E-01   
-3.722144E-01   -8.367352E-01   
-3.743476E-01   -8.371209E-01   
-3.764734E-01   -8.374959E-01   
-3.785919E-01   -8.378601E-01   
-3.807029E-01   -8.382136E-01   
-3.828067E-01   -8.385564E-01   
-3.849030E-01   -8.388885E-01   
-3.869921E-01   -8.392101E-01   
-3.890738E-01   -8.395210E-01   
-3.911483E-01   -8.398214E-01   
-3.932154E-01   -8.401113E-01   
-3.952753E-01   -8.403907E-01   
-3.973280E-01   -8.406596E-01   
-3.993734E-01   -8.409182E-01   
-4.014116E-01   -8.411663E-01   
-4.034425E-01   -8.414041E-01   
-4.054663E-01   -8.416317E-01   
-4.074829E-01   -8.418489E-01   
-4.094924E-01   -8.420559E-01   
-4.114946E-01   -8.422527E-01   
-4.134898E-01   -8.424393E-01   
-4.154778E-01   -8.426158E-01   
-4.174587E-01   -8.427822E-01   
-4.194325E-01   -8.429386E-01   
-4.213992E-01   -8.430849E-01   
-4.233588E-01   -8.432213E-01   
-4.253114E-01   -8.433477E-01   
-4.272569E-01   -8.434642E-01   
-4.291954E-01   -8.435708E-01   
-4.311268E-01   -8.436676E-01   
-4.330512E-01   -8.437546E-01   
-4.349686E-01   -8.438318E-01   
-4.368790E-01   -8.438993E-01   
-4.387825E-01   -8.439571E-01   
-4.406789E-01   -8.440053E-01   
-4.425684E-01   -8.440439E-01   
-4.444510E-01   -8.440729E-01   
-4.463266E-01   -8.440924E-01   
-4.481953E-01   -8.441024E-01   
-4.500570E-01   -8.441030E-01   
-4.519119E-01   -8.440942E-01   
-4.537598E-01   -8.440759E-01   
-4.556009E-01   -8.440484E-01   
-4.574351E-01   -8.440116E-01   
-4.592624E-01   -8.439655E-01   
-4.610829E-01   -8.439102E-01   
-4.628965E-01   -8.438457E-01   
-4.647033E-01   -8.437721E-01   
-4.665033E-01   -8.436895E-01   
-4.682964E-01   -8.435977E-01   
-4.700827E-01   -8.434970E-01   
-4.718623E-01   -8.433873E-01   
-4.736350E-01   -8.432687E-01   
-4.754010E-01   -8.431412E-01   
-4.771601E-01   -8.430049E-01   
-4.789126E-01   -8.428598E-01   
-4.806582E-01   -8.427059E-01   
-4.823972E-01   -8.425434E-01   
-4.841294E-01   -8.423721E-01   
-4.858548E-01   -8.421922E-01   
-4.875736E-01   -8.420038E-01   
-4.892856E-01   -8.418068E-01   
-4.909909E-01   -8.416013E-01   
-4.926896E-01   -8.413873E-01   
-4.943815E-01   -8.411650E-01   
-4.960668E-01   -8.409343E-01   
-4.977454E-01   -8.406952E-01   
-4.994174E-01   -8.404479E-01   
-5.010827E-01   -8.401923E-01   
-5.027413E-01   -8.399286E-01   
-5.043933E-01   -8.396566E-01   
-5.060387E-01   -8.393766E-01   
-5.076775E-01   -8.390886E-01   
-5.093096E-01   -8.387925E-01   
-5.109352E-01   -8.384884E-01   
-5.125542E-01   -8.381765E-01   
-5.141665E-01   -8.378566E-01   
-5.157723E-01   -8.375289E-01   
-5.173715E-01   -8.371934E-01   
-5.189642E-01   -8.368502E-01   
-5.205503E-01   -8.364993E-01   
-5.221298E-01   -8.361407E-01   
-5.237028E-01   -8.357745E-01   
-5.252693E-01   -8.354007E-01   
-5.268292E-01   -8.350195E-01   
-5.283827E-01   -8.346307E-01   
-5.299296E-01   -8.342346E-01   
-5.314700E-01   -8.338310E-01   
-5.330039E-01   -8.334201E-01   
-5.345313E-01   -8.330020E-01   
-5.360522E-01   -8.325766E-01   
-5.375667E-01   -8.321440E-01   
-5.390747E-01   -8.317042E-01   
-5.405762E-01   -8.312574E-01   
-5.420713E-01   -8.308035E-01   
-5.435599E-01   -8.303426E-01   
-5.450421E-01   -8.298747E-01   
-5.465179E-01   -8.293999E-01   
-5.479873E-01   -8.289183E-01   
-5.494502E-01   -8.284298E-01   
-5.509067E-01   -8.279346E-01   
-5.523568E-01   -8.274326E-01   
-5.538005E-01   -8.269240E-01   
-5.552379E-01   -8.264087E-01   
-5.566688E-01   -8.258869E-01   
-5.580934E-01   -8.253585E-01   
-5.595117E-01   -8.248236E-01   
-5.609235E-01   -8.242823E-01   
-5.623291E-01   -8.237347E-01   
-5.637282E-01   -8.231806E-01   
-5.651211E-01   -8.226203E-01   
-5.665076E-01   -8.220537E-01   
-5.678878E-01   -8.214809E-01   
-5.692617E-01   -8.209020E-01   
-5.706293E-01   -8.203170E-01   
-5.719906E-01   -8.197259E-01   
-5.733456E-01   -8.191288E-01   
-5.746943E-01   -8.185257E-01   
-5.760367E-01   -8.179168E-01   
-5.773729E-01   -8.173019E-01   
-5.787029E-01   -8.166813E-01   
-5.800265E-01   -8.160549E-01   
-5.813440E-01   -8.154228E-01   
-5.826552E-01   -8.147850E-01   
-5.839602E-01   -8.141416E-01   
-5.852589E-01   -8.134926E-01   
-5.865515E-01   -8.128381E-01   
-5.878378E-01   -8.121781E-01   
-5.891180E-01   -8.115127E-01   
-5.903920E-01   -8.108419E-01   
-5.916598E-01   -8.101658E-01   
-5.929214E-01   -8.094844E-01   
-5.941769E-01   -8.087977E-01   
-5.954262E-01   -8.081059E-01   
-5.966694E-01   -8.074090E-01   
-5.979064E-01   -8.067069E-01   
-5.991373E-01   -8.059998E-01   
-6.003621E-01   -8.052878E-01   
-6.015808E-01   -8.045707E-01   
-6.027934E-01   -8.038488E-01   
-6.039999E-01   -8.031221E-01   
-6.052004E-01   -8.023905E-01   
-6.063947E-01   -8.016542E-01   
-6.075830E-01   -8.009132E-01   
-6.087652E-01   -8.001676E-01   
-6.099414E-01   -7.994173E-01   
-6.111116E-01   -7.986625E-01   
-6.122757E-01   -7.979032E-01   
-6.134338E-01   -7.971394E-01   
-6.145859E-01   -7.963712E-01   
-6.157320E-01   -7.955986E-01   
-6.168721E-01   -7.948218E-01   
-6.180062E-01   -7.940406E-01   
-6.191344E-01   -7.932553E-01   
-6.202566E-01   -7.924657E-01   
-6.213728E-01   -7.916721E-01   
-6.224831E-01   -7.908744E-01   
-6.235875E-01   -7.900726E-01   
-6.246860E-01   -7.892669E-01   
-6.257785E-01   -7.884572E-01   
-6.268651E-01   -7.876437E-01   
-6.279459E-01   -7.868263E-01   
-6.290208E-01   -7.860051E-01   
-6.300898E-01   -7.851801E-01   
-6.311530E-01   -7.843515E-01   
-6.322103E-01   -7.835193E-01   
-6.332617E-01   -7.826834E-01   
-6.343074E-01   -7.818440E-01   
-6.353472E-01   -7.810010E-01   
-6.363813E-01   -7.801546E-01   
-6.374095E-01   -7.793048E-01   
-6.384320E-01   -7.784516E-01   
-6.394487E-01   -7.775951E-01   
-6.404596E-01   -7.767354E-01   
-6.414648E-01   -7.758724E-01   
-6.424642E-01   -7.750062E-01   
-6.434580E-01   -7.741369E-01   
-6.444460E-01   -7.732645E-01   
-6.454283E-01   -7.723890E-01   
-6.464050E-01   -7.715106E-01   
-6.473759E-01   -7.706292E-01   
-6.483412E-01   -7.697449E-01   
-6.493009E-01   -7.688577E-01   
-6.502549E-01   -7.679677E-01   
-6.512033E-01   -7.670750E-01   
-6.521460E-01   -7.661795E-01   
-6.530832E-01   -7.652813E-01   
-6.540148E-01   -7.643805E-01   
-6.549408E-01   -7.634771E-01   
-6.558612E-01   -7.625712E-01   
-6.567761E-01   -7.616628E-01   
-6.576855E-01   -7.607519E-01   
-6.585894E-01   -7.598386E-01   
-6.594877E-01   -7.589229E-01   
-6.603805E-01   -7.580049E-01   
-6.612679E-01   -7.570847E-01   
-6.621498E-01   -7.561622E-01   
-6.630262E-01   -7.552375E-01   
-6.638972E-01   -7.543106E-01   
-6.647628E-01   -7.533816E-01   
-6.656230E-01   -7.524506E-01   
-6.664777E-01   -7.515176E-01   
-6.673271E-01   -7.505825E-01   
-6.681711E-01   -7.496456E-01   
-6.690098E-01   -7.487067E-01   
-6.698431E-01   -7.477660E-01   
-6.706711E-01   -7.468235E-01   
-6.714938E-01   -7.458792E-01   
-6.723112E-01   -7.449332E-01   
-6.731233E-01   -7.439855E-01   
-6.739301E-01   -7.430362E-01   
-6.747317E-01   -7.420852E-01   
-6.755281E-01   -7.411328E-01   
-6.763192E-01   -7.401787E-01   
-6.771051E-01   -7.392232E-01   
-6.778859E-01   -7.382663E-01   
-6.786615E-01   -7.373080E-01   
-6.794319E-01   -7.363483E-01   
-6.801972E-01   -7.353873E-01   
-6.809573E-01   -7.344250E-01   
-6.817124E-01   -7.334615E-01   
-6.824623E-01   -7.324968E-01   
-6.832072E-01   -7.315309E-01   
-6.839470E-01   -7.305639E-01   
-6.846818E-01   -7.295958E-01   
-6.854116E-01   -7.286267E-01   
-6.861363E-01   -7.276566E-01   
-6.868561E-01   -7.266855E-01   
-6.875708E-01   -7.257134E-01   
-6.882807E-01   -7.247405E-01   
-6.889855E-01   -7.237667E-01   
-6.896855E-01   -7.227922E-01   
-6.903806E-01   -7.218168E-01   
-6.910707E-01   -7.208407E-01   
-6.917560E-01   -7.198639E-01   
-6.924364E-01   -7.188864E-01   
-6.931120E-01   -7.179083E-01   
-6.937828E-01   -7.169296E-01   
-6.944488E-01   -7.159503E-01   
-6.951100E-01   -7.149705E-01   
-6.957665E-01   -7.139902E-01   
-6.964181E-01   -7.130095E-01   
-6.970651E-01   -7.120284E-01   
-6.977074E-01   -7.110468E-01   
-6.983449E-01   -7.100649E-01   
-6.989778E-01   -7.090827E-01   
-6.996061E-01   -7.081003E-01   
-7.002297E-01   -7.071175E-01   
-7.008487E-01   -7.061346E-01   
-7.014631E-01   -7.051515E-01   
-7.020729E-01   -7.041682E-01   
-7.026781E-01   -7.031848E-01   
-7.032789E-01   -7.022014E-01   
-7.038751E-01   -7.012179E-01   
-7.044668E-01   -7.002343E-01   
-7.050540E-01   -6.992508E-01   
-7.056367E-01   -6.982674E-01   
-7.062151E-01   -6.972840E-01   
-7.067889E-01   -6.963007E-01   
-7.073584E-01   -6.953176E-01   
-7.079235E-01   -6.943346E-01   
-7.084843E-01   -6.933519E-01   
-7.090407E-01   -6.923694E-01   
-7.095928E-01   -6.913871E-01   
-7.101406E-01   -6.904052E-01   
-7.106840E-01   -6.894235E-01   
-7.112233E-01   -6.884423E-01   
-7.117583E-01   -6.874614E-01   
-7.122890E-01   -6.864809E-01   
-7.128156E-01   -6.855008E-01   
-7.133380E-01   -6.845213E-01   
-7.138562E-01   -6.835422E-01   
-7.143703E-01   -6.825636E-01   
-7.148803E-01   -6.815856E-01   
-7.153862E-01   -6.806082E-01   
-7.158880E-01   -6.796314E-01   
-7.163858E-01   -6.786552E-01   
-7.168795E-01   -6.776797E-01   
-7.173692E-01   -6.767049E-01   
-7.178549E-01   -6.757308E-01   
-7.183366E-01   -6.747574E-01   
-7.188144E-01   -6.737848E-01   
-7.192883E-01   -6.728130E-01   
-7.197583E-01   -6.718420E-01   
-7.202243E-01   -6.708719E-01   
-7.206866E-01   -6.699026E-01   
-7.211449E-01   -6.689342E-01   
-7.215995E-01   -6.679667E-01   
-7.220503E-01   -6.670002E-01   
-7.224972E-01   -6.660346E-01   
-7.229405E-01   -6.650700E-01   
-7.233800E-01   -6.641064E-01   
-7.238158E-01   -6.631439E-01   
-7.242479E-01   -6.621824E-01   
-7.246763E-01   -6.612220E-01   
-7.251011E-01   -6.602627E-01   
-7.255223E-01   -6.593045E-01   
-7.259398E-01   -6.583475E-01   
-7.263538E-01   -6.573916E-01   
-7.267643E-01   -6.564369E-01   
-7.271712E-01   -6.554835E-01   
-7.275746E-01   -6.545312E-01   
-7.279745E-01   -6.535802E-01   
-7.283709E-01   -6.526305E-01   
-7.287639E-01   -6.516821E-01   
-7.291535E-01   -6.507350E-01   
-7.295397E-01   -6.497892E-01   
-7.299225E-01   -6.488447E-01   
-7.303019E-01   -6.479017E-01   
-7.306780E-01   -6.469600E-01   
-7.310508E-01   -6.460197E-01   
-7.314203E-01   -6.450809E-01   
-7.317866E-01   -6.441435E-01   
-7.321496E-01   -6.432075E-01   
-7.325094E-01   -6.422730E-01   
-7.328660E-01   -6.413401E-01   
-7.332195E-01   -6.404086E-01   
-7.335698E-01   -6.394787E-01   
-7.339169E-01   -6.385503E-01   
-7.342610E-01   -6.376235E-01   
-7.346020E-01   -6.366983E-01   
-7.349399E-01   -6.357746E-01   
-7.352748E-01   -6.348526E-01   
-7.356066E-01   -6.339322E-01   
-7.359355E-01   -6.330134E-01   
-7.362614E-01   -6.320963E-01   
-7.365844E-01   -6.311809E-01   
-7.369044E-01   -6.302672E-01   
-7.372216E-01   -6.293551E-01   
-7.375359E-01   -6.284448E-01   
-7.378473E-01   -6.275362E-01   
-7.381559E-01   -6.266293E-01   
-7.384617E-01   -6.257242E-01   
-7.387647E-01   -6.248209E-01   
-7.390649E-01   -6.239194E-01   
-7.393624E-01   -6.230196E-01   
-7.396572E-01   -6.221217E-01   
-7.399493E-01   -6.212255E-01   
-7.402388E-01   -6.203312E-01   
-7.405256E-01   -6.194388E-01   
-7.408097E-01   -6.185482E-01   
-7.410913E-01   -6.176595E-01   
-7.413703E-01   -6.167726E-01   
-7.416467E-01   -6.158877E-01   
-7.419206E-01   -6.150046E-01   
-7.421920E-01   -6.141234E-01   
-7.424609E-01   -6.132442E-01   
-7.427273E-01   -6.123669E-01   
-7.429913E-01   -6.114915E-01   
-7.432529E-01   -6.106181E-01   
-7.435121E-01   -6.097467E-01   
-7.437689E-01   -6.088772E-01   
-7.440234E-01   -6.080097E-01   
-7.442755E-01   -6.071442E-01   
-7.445253E-01   -6.062807E-01   
-7.447729E-01   -6.054191E-01   
-7.450182E-01   -6.045596E-01   
-7.452612E-01   -6.037021E-01   
-7.455021E-01   -6.028467E-01   
-7.457407E-01   -6.019932E-01   
-7.459772E-01   -6.011419E-01   
-7.462115E-01   -6.002925E-01   
-7.464437E-01   -5.994452E-01   
-7.466738E-01   -5.986000E-01   
-7.469018E-01   -5.977569E-01   
-7.471278E-01   -5.969158E-01   
-7.473517E-01   -5.960768E-01   
-7.475736E-01   -5.952399E-01   
-7.477935E-01   -5.944051E-01   
-7.480115E-01   -5.935724E-01   
-7.482275E-01   -5.927418E-01   
-7.484416E-01   -5.919133E-01   
-7.486537E-01   -5.910870E-01   
-7.488640E-01   -5.902627E-01   
-7.490724E-01   -5.894406E-01   
-7.492790E-01   -5.886206E-01   
-7.494838E-01   -5.878028E-01   
-7.496868E-01   -5.869870E-01   
-7.498880E-01   -5.861735E-01   
-7.500875E-01   -5.853620E-01   
-7.502852E-01   -5.845527E-01   
-7.504812E-01   -5.837456E-01   
-7.506755E-01   -5.829406E-01   
-7.508682E-01   -5.821378E-01   
-7.510592E-01   -5.813372E-01   
-7.512486E-01   -5.805387E-01   
-7.514364E-01   -5.797424E-01   
-7.516226E-01   -5.789483E-01   
-7.518073E-01   -5.781563E-01   
-7.519904E-01   -5.773665E-01   
-7.521720E-01   -5.765789E-01   
-7.523521E-01   -5.757934E-01   
-7.525307E-01   -5.750102E-01   
-7.527078E-01   -5.742291E-01   
-7.528836E-01   -5.734502E-01   
-7.530579E-01   -5.726735E-01   
-7.532308E-01   -5.718990E-01   
-7.534024E-01   -5.711267E-01   
-7.535726E-01   -5.703565E-01   
-7.537414E-01   -5.695886E-01   
-7.539090E-01   -5.688228E-01   
-7.540752E-01   -5.680592E-01   
-7.542402E-01   -5.672978E-01   
-7.544040E-01   -5.665386E-01   
-7.545665E-01   -5.657816E-01   
-7.547277E-01   -5.650268E-01   
-7.548878E-01   -5.642742E-01   
-7.550468E-01   -5.635237E-01   
-7.552045E-01   -5.627755E-01   
-7.553612E-01   -5.620294E-01   
-7.555167E-01   -5.612855E-01   
-7.556711E-01   -5.605438E-01   
-7.558245E-01   -5.598043E-01   
-7.559768E-01   -5.590669E-01   
-7.561280E-01   -5.583318E-01   
-7.562783E-01   -5.575988E-01   
-7.564275E-01   -5.568680E-01   
-7.565758E-01   -5.561394E-01   
-7.567231E-01   -5.554129E-01   
-7.568694E-01   -5.546887E-01   
-7.570148E-01   -5.539666E-01   
-7.571594E-01   -5.532466E-01   
-7.573030E-01   -5.525289E-01   
-7.574458E-01   -5.518132E-01   
-7.575877E-01   -5.510998E-01   
-7.577288E-01   -5.503885E-01   
-7.578690E-01   -5.496794E-01   
-7.580085E-01   -5.489724E-01   
-7.581472E-01   -5.482675E-01   
-7.582851E-01   -5.475648E-01   
-7.584223E-01   -5.468643E-01   
-7.585588E-01   -5.461659E-01   
-7.586945E-01   -5.454696E-01   
-7.588296E-01   -5.447755E-01   
-7.589640E-01   -5.440834E-01   
-7.590977E-01   -5.433935E-01   
-7.592308E-01   -5.427058E-01   
-7.593633E-01   -5.420201E-01   
-7.594952E-01   -5.413366E-01   
-7.596265E-01   -5.406551E-01   
-7.597572E-01   -5.399758E-01   
-7.598873E-01   -5.392986E-01   
-7.600170E-01   -5.386235E-01   
-7.601461E-01   -5.379504E-01   
-7.602747E-01   -5.372795E-01   
-7.604028E-01   -5.366106E-01   
-7.605304E-01   -5.359438E-01   
-7.606576E-01   -5.352791E-01   
-7.607843E-01   -5.346164E-01   
-7.609106E-01   -5.339559E-01   
-7.610365E-01   -5.332973E-01   
-7.611620E-01   -5.326408E-01   
-7.612871E-01   -5.319864E-01   
-7.614119E-01   -5.313340E-01   
-7.615363E-01   -5.306837E-01   
-7.616604E-01   -5.300354E-01   
-7.617842E-01   -5.293891E-01   
-7.619076E-01   -5.287448E-01   
-7.620308E-01   -5.281026E-01   
-7.621537E-01   -5.274623E-01   
-7.622763E-01   -5.268241E-01   
-7.623987E-01   -5.261879E-01   
-7.625209E-01   -5.255536E-01   
-7.626429E-01   -5.249214E-01   
-7.627646E-01   -5.242911E-01   
-7.628862E-01   -5.236628E-01   
-7.630076E-01   -5.230365E-01   
-7.631289E-01   -5.224121E-01   
-7.632500E-01   -5.217897E-01   
-7.633709E-01   -5.211693E-01   
-7.634918E-01   -5.205508E-01   
-7.636125E-01   -5.199342E-01   
-7.637332E-01   -5.193195E-01   
-7.638538E-01   -5.187068E-01   
-7.639743E-01   -5.180960E-01   
-7.640948E-01   -5.174872E-01   
-7.642152E-01   -5.168802E-01   
-7.643356E-01   -5.162751E-01   
-7.644560E-01   -5.156720E-01   
-7.645764E-01   -5.150707E-01   
-7.646968E-01   -5.144713E-01   
-7.648173E-01   -5.138737E-01   
-7.649378E-01   -5.132781E-01   
-7.650583E-01   -5.126843E-01   
-7.651789E-01   -5.120923E-01   
-7.652996E-01   -5.115022E-01   
-7.654203E-01   -5.109140E-01   
-7.655412E-01   -5.103275E-01   
-7.656621E-01   -5.097429E-01   
-7.657832E-01   -5.091601E-01   
-7.659044E-01   -5.085792E-01   
-7.660258E-01   -5.080000E-01   
-7.661473E-01   -5.074227E-01   
-7.662690E-01   -5.068471E-01   
-7.663909E-01   -5.062733E-01   
-7.665129E-01   -5.057013E-01   
-7.666352E-01   -5.051310E-01   
-7.667577E-01   -5.045626E-01   
-7.668804E-01   -5.039958E-01   
-7.670033E-01   -5.034309E-01   
-7.671264E-01   -5.028676E-01   
-7.672499E-01   -5.023062E-01   
-7.673735E-01   -5.017464E-01   
-7.674975E-01   -5.011883E-01   
-7.676217E-01   -5.006320E-01   
-7.677463E-01   -5.000774E-01   
-7.678711E-01   -4.995245E-01   
-7.679962E-01   -4.989732E-01   
-7.681217E-01   -4.984237E-01   
-7.682475E-01   -4.978758E-01   
-7.683736E-01   -4.973296E-01   
-7.685001E-01   -4.967850E-01   
-7.686270E-01   -4.962422E-01   
-7.687542E-01   -4.957009E-01   
-7.688818E-01   -4.951613E-01   
-7.690098E-01   -4.946234E-01   
-7.691381E-01   -4.940870E-01   
-7.692669E-01   -4.935523E-01   
-7.693961E-01   -4.930192E-01   
-7.695257E-01   -4.924877E-01   
-7.696557E-01   -4.919578E-01   
-7.697862E-01   -4.914294E-01   
-7.699171E-01   -4.909027E-01   
-7.700485E-01   -4.903775E-01   
-7.701803E-01   -4.898539E-01   
-7.703126E-01   -4.893319E-01   
-7.704454E-01   -4.888114E-01   
-7.705786E-01   -4.882925E-01   
-7.707124E-01   -4.877751E-01   
-7.708466E-01   -4.872592E-01   
-7.709814E-01   -4.867448E-01   
-7.711166E-01   -4.862320E-01   
-7.712524E-01   -4.857207E-01   
-7.713887E-01   -4.852108E-01   
-7.715255E-01   -4.847025E-01   
-7.716629E-01   -4.841957E-01   
-7.718008E-01   -4.836903E-01   
-7.719393E-01   -4.831864E-01   
-7.720784E-01   -4.826840E-01   
-7.722180E-01   -4.821830E-01   
-7.723581E-01   -4.816835E-01   
-7.724989E-01   -4.811854E-01   
-7.726402E-01   -4.806888E-01   
-7.727822E-01   -4.801936E-01   
-7.729247E-01   -4.796998E-01   
-7.730678E-01   -4.792074E-01   
-7.732116E-01   -4.787165E-01   
-7.733559E-01   -4.782269E-01   
-7.735009E-01   -4.777387E-01   
-7.736465E-01   -4.772519E-01   
-7.737927E-01   -4.767665E-01   
-7.739396E-01   -4.762825E-01   
-7.740870E-01   -4.757998E-01   
-7.742352E-01   -4.753185E-01   
-7.743840E-01   -4.748386E-01   
-7.745334E-01   -4.743600E-01   
-7.746835E-01   -4.738827E-01   
-7.748343E-01   -4.734067E-01   
-7.749857E-01   -4.729321E-01   
-7.751378E-01   -4.724588E-01   
-7.752906E-01   -4.719868E-01   
-7.754441E-01   -4.715161E-01   
-7.755983E-01   -4.710467E-01   
-7.757531E-01   -4.705786E-01   
-7.759086E-01   -4.701118E-01   
-7.760649E-01   -4.696462E-01   
-7.762218E-01   -4.691820E-01   
-7.763795E-01   -4.687190E-01   
-7.765378E-01   -4.682572E-01   
-7.766969E-01   -4.677967E-01   
-7.768566E-01   -4.673374E-01   
-7.770171E-01   -4.668794E-01   
-7.771784E-01   -4.664226E-01   
-7.773403E-01   -4.659670E-01   
-7.775030E-01   -4.655127E-01   
-7.776664E-01   -4.650595E-01   
-7.778305E-01   -4.646076E-01   
-7.779954E-01   -4.641568E-01   
-7.781610E-01   -4.637073E-01   
-7.783274E-01   -4.632589E-01   
-7.784945E-01   -4.628117E-01   
-7.786623E-01   -4.623657E-01   
-7.788309E-01   -4.619208E-01   
-7.790003E-01   -4.614771E-01   
-7.791704E-01   -4.610346E-01   
-7.793413E-01   -4.605932E-01   
-7.795129E-01   -4.601529E-01   
-7.796853E-01   -4.597138E-01   
-7.798585E-01   -4.592758E-01   
-7.800324E-01   -4.588389E-01   
-7.802071E-01   -4.584032E-01   
-7.803825E-01   -4.579685E-01   
-7.805588E-01   -4.575350E-01   
-7.807358E-01   -4.571026E-01   
-7.809135E-01   -4.566712E-01   
-7.810921E-01   -4.562410E-01   
-7.812714E-01   -4.558118E-01   
