-5.026124E-01   -9.802725E-02   
-5.051608E-01   -9.958362E-02   
-5.076807E-01   -1.011391E-01   
-5.101725E-01   -1.026939E-01   
-5.126363E-01   -1.042479E-01   
-5.150724E-01   -1.058013E-01   
-5.174810E-01   -1.073541E-01   
-5.198622E-01   -1.089064E-01   
-5.222164E-01   -1.104581E-01   
-5.245436E-01   -1.120094E-01   
-5.268441E-01   -1.135603E-01   
-5.291181E-01   -1.151109E-01   
-5.313658E-01   -1.166611E-01   
-5.335873E-01   -1.182111E-01   
-5.357830E-01   -1.197608E-01   
-5.379529E-01   -1.213103E-01   
-5.400973E-01   -1.228597E-01   
-5.422163E-01   -1.244089E-01   
-5.443102E-01   -1.259581E-01   
-5.463791E-01   -1.275071E-01   
-5.484232E-01   -1.290562E-01   
-5.504428E-01   -1.306052E-01   
-5.524379E-01   -1.321543E-01   
-5.544087E-01   -1.337033E-01   
-5.563555E-01   -1.352525E-01   
-5.582784E-01   -1.368017E-01   
-5.601776E-01   -1.383510E-01   
-5.620533E-01   -1.399004E-01   
-5.639056E-01   -1.414500E-01   
-5.657347E-01   -1.429997E-01   
-5.675408E-01   -1.445496E-01   
-5.693240E-01   -1.460996E-01   
-5.710845E-01   -1.476499E-01   
-5.728225E-01   -1.492003E-01   
-5.745381E-01   -1.507509E-01   
-5.762315E-01   -1.523018E-01   
-5.779028E-01   -1.538528E-01   
-5.795523E-01   -1.554041E-01   
-5.811800E-01   -1.569556E-01   
-5.827861E-01   -1.585074E-01   
-5.843709E-01   -1.600593E-01   
-5.859343E-01   -1.616116E-01   
-5.874766E-01   -1.631640E-01   
-5.889980E-01   -1.647167E-01   
-5.904985E-01   -1.662696E-01   
-5.919783E-01   -1.678228E-01   
-5.934376E-01   -1.693762E-01   
-5.948765E-01   -1.709298E-01   
-5.962952E-01   -1.724836E-01   
-5.976938E-01   -1.740377E-01   
-5.990723E-01   -1.755919E-01   
-6.004311E-01   -1.771464E-01   
-6.017702E-01   -1.787011E-01   
-6.030897E-01   -1.802559E-01   
-6.043898E-01   -1.818109E-01   
-6.056706E-01   -1.833661E-01   
-6.069322E-01   -1.849215E-01   
-6.081748E-01   -1.864769E-01   
-6.093985E-01   -1.880326E-01   
-6.106035E-01   -1.895883E-01   
-6.117898E-01   -1.911442E-01   
-6.129576E-01   -1.927001E-01   
-6.141070E-01   -1.942562E-01   
-6.152382E-01   -1.958123E-01   
-6.163512E-01   -1.973684E-01   
-6.174462E-01   -1.989246E-01   
-6.185233E-01   -2.004808E-01   
-6.195826E-01   -2.020370E-01   
-6.206243E-01   -2.035932E-01   
-6.216484E-01   -2.051494E-01   
-6.226551E-01   -2.067055E-01   
-6.236444E-01   -2.082615E-01   
-6.246166E-01   -2.098175E-01   
-6.255717E-01   -2.113734E-01   
-6.265098E-01   -2.129291E-01   
-6.274311E-01   -2.144847E-01   
-6.283356E-01   -2.160401E-01   
-6.292234E-01   -2.175953E-01   
-6.300948E-01   -2.191503E-01   
-6.309497E-01   -2.207051E-01   
-6.317883E-01   -2.222597E-01   
-6.326106E-01   -2.238140E-01   
-6.334169E-01   -2.253679E-01   
-6.342072E-01   -2.269216E-01   
-6.349815E-01   -2.284749E-01   
-6.357401E-01   -2.300279E-01   
-6.364829E-01   -2.315805E-01   
-6.372102E-01   -2.331326E-01   
-6.379220E-01   -2.346843E-01   
-6.386183E-01   -2.362356E-01   
-6.392994E-01   -2.377864E-01   
-6.399652E-01   -2.393367E-01   
-6.406159E-01   -2.408864E-01   
-6.412517E-01   -2.424356E-01   
-6.418725E-01   -2.439842E-01   
-6.424784E-01   -2.455322E-01   
-6.430697E-01   -2.470796E-01   
-6.436462E-01   -2.486263E-01   
-6.442083E-01   -2.501723E-01   
-6.447559E-01   -2.517177E-01   
-6.452891E-01   -2.532622E-01   
-6.458080E-01   -2.548061E-01   
-6.463127E-01   -2.563491E-01   
-6.468034E-01   -2.578913E-01   
-6.472800E-01   -2.594327E-01   
-6.477426E-01   -2.609732E-01   
-6.481915E-01   -2.625128E-01   
-6.486265E-01   -2.640514E-01   
-6.490479E-01   -2.655892E-01   
-6.494557E-01   -2.671259E-01   
-6.498500E-01   -2.686617E-01   
-6.502309E-01   -2.701964E-01   
-6.505984E-01   -2.717301E-01   
-6.509526E-01   -2.732626E-01   
-6.512937E-01   -2.747941E-01   
-6.516217E-01   -2.763244E-01   
-6.519366E-01   -2.778535E-01   
-6.522386E-01   -2.793815E-01   
-6.525277E-01   -2.809082E-01   
-6.528041E-01   -2.824337E-01   
-6.530677E-01   -2.839579E-01   
-6.533187E-01   -2.854807E-01   
-6.535571E-01   -2.870023E-01   
-6.537830E-01   -2.885225E-01   
-6.539966E-01   -2.900412E-01   
-6.541977E-01   -2.915586E-01   
-6.543867E-01   -2.930745E-01   
-6.545634E-01   -2.945889E-01   
-6.547280E-01   -2.961019E-01   
-6.548806E-01   -2.976133E-01   
-6.550212E-01   -2.991231E-01   
-6.551499E-01   -3.006313E-01   
-6.552668E-01   -3.021380E-01   
-6.553719E-01   -3.036429E-01   
-6.554654E-01   -3.051463E-01   
-6.555472E-01   -3.066479E-01   
-6.556174E-01   -3.081477E-01   
-6.556762E-01   -3.096459E-01   
-6.557236E-01   -3.111422E-01   
-6.557596E-01   -3.126367E-01   
-6.557843E-01   -3.141294E-01   
-6.557978E-01   -3.156202E-01   
-6.558002E-01   -3.171091E-01   
-6.557915E-01   -3.185961E-01   
-6.557718E-01   -3.200812E-01   
-6.557411E-01   -3.215642E-01   
-6.556996E-01   -3.230453E-01   
-6.556472E-01   -3.245243E-01   
-6.555840E-01   -3.260012E-01   
-6.555102E-01   -3.274761E-01   
-6.554257E-01   -3.289488E-01   
-6.553307E-01   -3.304194E-01   
-6.552252E-01   -3.318879E-01   
-6.551092E-01   -3.333541E-01   
-6.549828E-01   -3.348181E-01   
-6.548461E-01   -3.362798E-01   
-6.546992E-01   -3.377393E-01   
-6.545420E-01   -3.391965E-01   
-6.543747E-01   -3.406513E-01   
-6.541973E-01   -3.421038E-01   
-6.540099E-01   -3.435539E-01   
-6.538126E-01   -3.450015E-01   
-6.536053E-01   -3.464467E-01   
-6.533882E-01   -3.478895E-01   
-6.531613E-01   -3.493298E-01   
-6.529247E-01   -3.507675E-01   
-6.526784E-01   -3.522027E-01   
-6.524225E-01   -3.536353E-01   
-6.521571E-01   -3.550653E-01   
-6.518821E-01   -3.564927E-01   
-6.515977E-01   -3.579175E-01   
-6.513040E-01   -3.593396E-01   
-6.510008E-01   -3.607589E-01   
-6.506884E-01   -3.621756E-01   
-6.503668E-01   -3.635895E-01   
-6.500361E-01   -3.650006E-01   
-6.496962E-01   -3.664089E-01   
-6.493472E-01   -3.678144E-01   
-6.489893E-01   -3.692170E-01   
-6.486224E-01   -3.706167E-01   
-6.482466E-01   -3.720136E-01   
-6.478619E-01   -3.734075E-01   
-6.474685E-01   -3.747985E-01   
-6.470663E-01   -3.761864E-01   
-6.466555E-01   -3.775714E-01   
-6.462360E-01   -3.789534E-01   
-6.458080E-01   -3.803323E-01   
-6.453714E-01   -3.817081E-01   
-6.449263E-01   -3.830809E-01   
-6.444729E-01   -3.844505E-01   
-6.440110E-01   -3.858169E-01   
-6.435408E-01   -3.871802E-01   
-6.430624E-01   -3.885403E-01   
-6.425757E-01   -3.898972E-01   
-6.420809E-01   -3.912509E-01   
-6.415779E-01   -3.926013E-01   
-6.410669E-01   -3.939484E-01   
-6.405478E-01   -3.952922E-01   
-6.400208E-01   -3.966326E-01   
-6.394858E-01   -3.979697E-01   
-6.389430E-01   -3.993035E-01   
-6.383924E-01   -4.006338E-01   
-6.378339E-01   -4.019607E-01   
-6.372678E-01   -4.032842E-01   
-6.366940E-01   -4.046042E-01   
-6.361125E-01   -4.059207E-01   
-6.355235E-01   -4.072337E-01   
-6.349269E-01   -4.085432E-01   
-6.343228E-01   -4.098491E-01   
-6.337113E-01   -4.111515E-01   
-6.330924E-01   -4.124502E-01   
-6.324661E-01   -4.137454E-01   
-6.318326E-01   -4.150369E-01   
-6.311917E-01   -4.163247E-01   
-6.305437E-01   -4.176089E-01   
-6.298885E-01   -4.188894E-01   
-6.292262E-01   -4.201661E-01   
-6.285569E-01   -4.214391E-01   
-6.278805E-01   -4.227084E-01   
-6.271971E-01   -4.239739E-01   
-6.265068E-01   -4.252355E-01   
-6.258096E-01   -4.264934E-01   
-6.251055E-01   -4.277474E-01   
-6.243947E-01   -4.289976E-01   
-6.236771E-01   -4.302438E-01   
-6.229528E-01   -4.314862E-01   
-6.222218E-01   -4.327247E-01   
-6.214842E-01   -4.339592E-01   
-6.207400E-01   -4.351898E-01   
-6.199893E-01   -4.364164E-01   
-6.192322E-01   -4.376391E-01   
-6.184685E-01   -4.388577E-01   
-6.176985E-01   -4.400723E-01   
-6.169221E-01   -4.412828E-01   
-6.161394E-01   -4.424893E-01   
-6.153504E-01   -4.436917E-01   
-6.145551E-01   -4.448900E-01   
-6.137537E-01   -4.460842E-01   
-6.129462E-01   -4.472742E-01   
-6.121325E-01   -4.484601E-01   
-6.113128E-01   -4.496418E-01   
-6.104871E-01   -4.508194E-01   
-6.096554E-01   -4.519927E-01   
-6.088177E-01   -4.531619E-01   
-6.079742E-01   -4.543268E-01   
-6.071248E-01   -4.554874E-01   
-6.062696E-01   -4.566438E-01   
-6.054087E-01   -4.577959E-01   
-6.045420E-01   -4.589437E-01   
-6.036696E-01   -4.600872E-01   
-6.027916E-01   -4.612263E-01   
-6.019080E-01   -4.623611E-01   
-6.010188E-01   -4.634916E-01   
-6.001241E-01   -4.646176E-01   
-5.992239E-01   -4.657393E-01   
-5.983183E-01   -4.668566E-01   
-5.974073E-01   -4.679695E-01   
-5.964909E-01   -4.690779E-01   
-5.955692E-01   -4.701818E-01   
-5.946422E-01   -4.712813E-01   
-5.937100E-01   -4.723764E-01   
-5.927726E-01   -4.734669E-01   
-5.918300E-01   -4.745529E-01   
-5.908823E-01   -4.756344E-01   
-5.899296E-01   -4.767114E-01   
-5.889717E-01   -4.777838E-01   
-5.880089E-01   -4.788517E-01   
-5.870411E-01   -4.799150E-01   
-5.860684E-01   -4.809737E-01   
-5.850908E-01   -4.820278E-01   
-5.841084E-01   -4.830773E-01   
-5.831211E-01   -4.841222E-01   
-5.821291E-01   -4.851624E-01   
-5.811324E-01   -4.861980E-01   
-5.801309E-01   -4.872289E-01   
-5.791248E-01   -4.882552E-01   
-5.781141E-01   -4.892767E-01   
-5.770988E-01   -4.902936E-01   
-5.760790E-01   -4.913058E-01   
-5.750546E-01   -4.923132E-01   
-5.740258E-01   -4.933159E-01   
-5.729926E-01   -4.943139E-01   
-5.719550E-01   -4.953071E-01   
-5.709130E-01   -4.962956E-01   
-5.698667E-01   -4.972792E-01   
-5.688162E-01   -4.982581E-01   
-5.677614E-01   -4.992322E-01   
-5.667023E-01   -5.002015E-01   
-5.656392E-01   -5.011660E-01   
-5.645719E-01   -5.021256E-01   
-5.635005E-01   -5.030805E-01   
-5.624250E-01   -5.040304E-01   
-5.613455E-01   -5.049756E-01   
-5.602620E-01   -5.059158E-01   
-5.591746E-01   -5.068512E-01   
-5.580833E-01   -5.077817E-01   
-5.569881E-01   -5.087073E-01   
-5.558891E-01   -5.096280E-01   
-5.547862E-01   -5.105438E-01   
-5.536796E-01   -5.114547E-01   
-5.525693E-01   -5.123607E-01   
-5.514553E-01   -5.132617E-01   
-5.503376E-01   -5.141578E-01   
-5.492162E-01   -5.150489E-01   
-5.480913E-01   -5.159351E-01   
-5.469629E-01   -5.168163E-01   
-5.458309E-01   -5.176926E-01   
-5.446954E-01   -5.185638E-01   
-5.435565E-01   -5.194301E-01   
-5.424142E-01   -5.202914E-01   
-5.412684E-01   -5.211477E-01   
-5.401194E-01   -5.219990E-01   
-5.389670E-01   -5.228453E-01   
-5.378114E-01   -5.236865E-01   
-5.366525E-01   -5.245227E-01   
-5.354904E-01   -5.253539E-01   
-5.343252E-01   -5.261801E-01   
-5.331568E-01   -5.270012E-01   
-5.319853E-01   -5.278173E-01   
-5.308107E-01   -5.286283E-01   
-5.296331E-01   -5.294342E-01   
-5.284525E-01   -5.302351E-01   
-5.272689E-01   -5.310309E-01   
-5.260824E-01   -5.318216E-01   
-5.248930E-01   -5.326073E-01   
-5.237007E-01   -5.333878E-01   
-5.225056E-01   -5.341633E-01   
-5.213076E-01   -5.349337E-01   
-5.201069E-01   -5.356990E-01   
-5.189035E-01   -5.364592E-01   
-5.176974E-01   -5.372142E-01   
-5.164886E-01   -5.379642E-01   
-5.152772E-01   -5.387090E-01   
-5.140631E-01   -5.394488E-01   
-5.128465E-01   -5.401834E-01   
-5.116274E-01   -5.409128E-01   
-5.104057E-01   -5.416372E-01   
-5.091816E-01   -5.423564E-01   
-5.079550E-01   -5.430705E-01   
-5.067261E-01   -5.437794E-01   
-5.054947E-01   -5.444832E-01   
-5.042610E-01   -5.451819E-01   
-5.030250E-01   -5.458754E-01   
-5.017867E-01   -5.465638E-01   
-5.005462E-01   -5.472470E-01   
-4.993034E-01   -5.479251E-01   
-4.980585E-01   -5.485980E-01   
-4.968114E-01   -5.492657E-01   
-4.955622E-01   -5.499283E-01   
-4.943108E-01   -5.505858E-01   
-4.930575E-01   -5.512381E-01   
-4.918021E-01   -5.518852E-01   
-4.905447E-01   -5.525271E-01   
-4.892853E-01   -5.531639E-01   
-4.880240E-01   -5.537956E-01   
-4.867608E-01   -5.544220E-01   
-4.854957E-01   -5.550433E-01   
-4.842287E-01   -5.556595E-01   
-4.829600E-01   -5.562705E-01   
-4.816894E-01   -5.568763E-01   
-4.804171E-01   -5.574769E-01   
-4.791431E-01   -5.580724E-01   
-4.778674E-01   -5.586627E-01   
-4.765900E-01   -5.592479E-01   
-4.753110E-01   -5.598279E-01   
-4.740304E-01   -5.604027E-01   
-4.727482E-01   -5.609723E-01   
-4.714645E-01   -5.615368E-01   
-4.701792E-01   -5.620962E-01   
-4.688925E-01   -5.626503E-01   
-4.676043E-01   -5.631994E-01   
-4.663147E-01   -5.637432E-01   
-4.650237E-01   -5.642819E-01   
-4.637313E-01   -5.648155E-01   
-4.624375E-01   -5.653439E-01   
-4.611425E-01   -5.658671E-01   
-4.598462E-01   -5.663852E-01   
-4.585486E-01   -5.668982E-01   
-4.572498E-01   -5.674060E-01   
-4.559498E-01   -5.679087E-01   
-4.546486E-01   -5.684062E-01   
-4.533463E-01   -5.688986E-01   
-4.520429E-01   -5.693859E-01   
-4.507384E-01   -5.698680E-01   
-4.494328E-01   -5.703450E-01   
-4.481263E-01   -5.708169E-01   
-4.468187E-01   -5.712837E-01   
-4.455101E-01   -5.717453E-01   
-4.442006E-01   -5.722018E-01   
-4.428902E-01   -5.726533E-01   
-4.415789E-01   -5.730996E-01   
-4.402667E-01   -5.735408E-01   
-4.389537E-01   -5.739769E-01   
-4.376399E-01   -5.744079E-01   
-4.363253E-01   -5.748338E-01   
-4.350099E-01   -5.752546E-01   
-4.336938E-01   -5.756704E-01   
-4.323770E-01   -5.760811E-01   
-4.310596E-01   -5.764867E-01   
-4.297415E-01   -5.768872E-01   
-4.284228E-01   -5.772827E-01   
-4.271034E-01   -5.776731E-01   
-4.257836E-01   -5.780585E-01   
-4.244631E-01   -5.784388E-01   
-4.231422E-01   -5.788140E-01   
-4.218208E-01   -5.791843E-01   
-4.204989E-01   -5.795495E-01   
-4.191765E-01   -5.799096E-01   
-4.178538E-01   -5.802648E-01   
-4.165306E-01   -5.806149E-01   
-4.152071E-01   -5.809601E-01   
-4.138833E-01   -5.813002E-01   
-4.125592E-01   -5.816353E-01   
-4.112347E-01   -5.819655E-01   
-4.099100E-01   -5.822906E-01   
-4.085851E-01   -5.826108E-01   
-4.072600E-01   -5.829260E-01   
-4.059346E-01   -5.832362E-01   
-4.046092E-01   -5.835415E-01   
-4.032835E-01   -5.838419E-01   
-4.019578E-01   -5.841373E-01   
-4.006320E-01   -5.844277E-01   
-3.993061E-01   -5.847133E-01   
-3.979802E-01   -5.849939E-01   
-3.966542E-01   -5.852696E-01   
-3.953283E-01   -5.855403E-01   
-3.940024E-01   -5.858062E-01   
-3.926765E-01   -5.860672E-01   
-3.913508E-01   -5.863233E-01   
-3.900251E-01   -5.865746E-01   
-3.886996E-01   -5.868210E-01   
-3.873742E-01   -5.870625E-01   
-3.860489E-01   -5.872991E-01   
-3.847239E-01   -5.875310E-01   
-3.833991E-01   -5.877579E-01   
-3.820746E-01   -5.879801E-01   
-3.807503E-01   -5.881974E-01   
-3.794263E-01   -5.884100E-01   
-3.781026E-01   -5.886177E-01   
-3.767792E-01   -5.888207E-01   
-3.754562E-01   -5.890188E-01   
-3.741336E-01   -5.892122E-01   
-3.728113E-01   -5.894008E-01   
-3.714895E-01   -5.895847E-01   
-3.701681E-01   -5.897638E-01   
-3.688472E-01   -5.899382E-01   
-3.675268E-01   -5.901079E-01   
-3.662069E-01   -5.902728E-01   
-3.648875E-01   -5.904331E-01   
-3.635687E-01   -5.905886E-01   
-3.622504E-01   -5.907395E-01   
-3.609328E-01   -5.908857E-01   
-3.596157E-01   -5.910272E-01   
-3.582993E-01   -5.911640E-01   
-3.569836E-01   -5.912962E-01   
-3.556685E-01   -5.914238E-01   
-3.543541E-01   -5.915468E-01   
-3.530405E-01   -5.916651E-01   
-3.517275E-01   -5.917788E-01   
-3.504154E-01   -5.918879E-01   
-3.491040E-01   -5.919925E-01   
-3.477934E-01   -5.920925E-01   
-3.464836E-01   -5.921879E-01   
-3.451747E-01   -5.922787E-01   
-3.438667E-01   -5.923651E-01   
-3.425595E-01   -5.924468E-01   
-3.412532E-01   -5.925241E-01   
-3.399478E-01   -5.925969E-01   
-3.386434E-01   -5.926652E-01   
-3.373399E-01   -5.927289E-01   
-3.360374E-01   -5.927882E-01   
-3.347359E-01   -5.928431E-01   
-3.334355E-01   -5.928935E-01   
-3.321360E-01   -5.929395E-01   
-3.308376E-01   -5.929810E-01   
-3.295403E-01   -5.930181E-01   
-3.282440E-01   -5.930508E-01   
-3.269489E-01   -5.930792E-01   
-3.256549E-01   -5.931031E-01   
-3.243620E-01   -5.931227E-01   
-3.230703E-01   -5.931379E-01   
-3.217798E-01   -5.931488E-01   
-3.204904E-01   -5.931554E-01   
-3.192023E-01   -5.931576E-01   
-3.179154E-01   -5.931555E-01   
-3.166298E-01   -5.931492E-01   
-3.153454E-01   -5.931385E-01   
-3.140623E-01   -5.931236E-01   
-3.127806E-01   -5.931045E-01   
-3.115001E-01   -5.930811E-01   
-3.102210E-01   -5.930534E-01   
-3.089432E-01   -5.930216E-01   
-3.076668E-01   -5.929855E-01   
-3.063918E-01   -5.929453E-01   
-3.051181E-01   -5.929008E-01   
-3.038459E-01   -5.928523E-01   
-3.025752E-01   -5.927995E-01   
-3.013059E-01   -5.927426E-01   
-3.000380E-01   -5.926816E-01   
-2.987716E-01   -5.926165E-01   
-2.975068E-01   -5.925473E-01   
-2.962434E-01   -5.924740E-01   
-2.949816E-01   -5.923966E-01   
-2.937213E-01   -5.923152E-01   
-2.924626E-01   -5.922297E-01   
-2.912055E-01   -5.921402E-01   
-2.899499E-01   -5.920467E-01   
-2.886960E-01   -5.919492E-01   
-2.874436E-01   -5.918477E-01   
-2.861929E-01   -5.917422E-01   
-2.849439E-01   -5.916327E-01   
-2.836965E-01   -5.915193E-01   
-2.824508E-01   -5.914020E-01   
-2.812068E-01   -5.912807E-01   
-2.799645E-01   -5.911556E-01   
-2.787240E-01   -5.910265E-01   
-2.774851E-01   -5.908936E-01   
-2.762481E-01   -5.907568E-01   
-2.750127E-01   -5.906161E-01   
-2.737792E-01   -5.904716E-01   
-2.725474E-01   -5.903233E-01   
-2.713175E-01   -5.901712E-01   
-2.700894E-01   -5.900153E-01   
-2.688631E-01   -5.898557E-01   
-2.676386E-01   -5.896922E-01   
-2.664160E-01   -5.895250E-01   
-2.651953E-01   -5.893541E-01   
-2.639764E-01   -5.891794E-01   
-2.627595E-01   -5.890011E-01   
-2.615444E-01   -5.888190E-01   
-2.603313E-01   -5.886333E-01   
-2.591201E-01   -5.884439E-01   
-2.579109E-01   -5.882509E-01   
-2.567036E-01   -5.880543E-01   
-2.554983E-01   -5.878540E-01   
-2.542950E-01   -5.876501E-01   
-2.530936E-01   -5.874426E-01   
-2.518943E-01   -5.872316E-01   
-2.506970E-01   -5.870170E-01   
-2.495017E-01   -5.867989E-01   
-2.483084E-01   -5.865772E-01   
-2.471172E-01   -5.863520E-01   
-2.459281E-01   -5.861233E-01   
-2.447410E-01   -5.858912E-01   
-2.435560E-01   -5.856556E-01   
-2.423731E-01   -5.854165E-01   
-2.411924E-01   -5.851740E-01   
-2.400137E-01   -5.849280E-01   
-2.388371E-01   -5.846787E-01   
-2.376627E-01   -5.844259E-01   
-2.364905E-01   -5.841698E-01   
-2.353204E-01   -5.839104E-01   
-2.341524E-01   -5.836475E-01   
-2.329867E-01   -5.833814E-01   
-2.318231E-01   -5.831119E-01   
-2.306617E-01   -5.828391E-01   
-2.295026E-01   -5.825631E-01   
-2.283456E-01   -5.822838E-01   
-2.271909E-01   -5.820012E-01   
-2.260384E-01   -5.817154E-01   
-2.248882E-01   -5.814263E-01   
-2.237402E-01   -5.811341E-01   
-2.225944E-01   -5.808386E-01   
-2.214510E-01   -5.805400E-01   
-2.203098E-01   -5.802382E-01   
-2.191709E-01   -5.799333E-01   
-2.180343E-01   -5.796252E-01   
-2.169000E-01   -5.793141E-01   
-2.157681E-01   -5.789998E-01   
-2.146384E-01   -5.786824E-01   
-2.135111E-01   -5.783620E-01   
-2.123861E-01   -5.780385E-01   
-2.112635E-01   -5.777120E-01   
-2.101432E-01   -5.773824E-01   
-2.090252E-01   -5.770499E-01   
-2.079097E-01   -5.767143E-01   
-2.067965E-01   -5.763758E-01   
-2.056857E-01   -5.760343E-01   
-2.045773E-01   -5.756899E-01   
-2.034713E-01   -5.753425E-01   
-2.023677E-01   -5.749923E-01   
-2.012665E-01   -5.746391E-01   
-2.001678E-01   -5.742830E-01   
-1.990715E-01   -5.739241E-01   
-1.979776E-01   -5.735623E-01   
-1.968861E-01   -5.731977E-01   
-1.957971E-01   -5.728303E-01   
-1.947105E-01   -5.724601E-01   
-1.936264E-01   -5.720870E-01   
-1.925448E-01   -5.717112E-01   
-1.914656E-01   -5.713327E-01   
-1.903890E-01   -5.709514E-01   
-1.893148E-01   -5.705673E-01   
-1.882430E-01   -5.701806E-01   
-1.871738E-01   -5.697911E-01   
-1.861071E-01   -5.693990E-01   
-1.850429E-01   -5.690042E-01   
-1.839812E-01   -5.686068E-01   
-1.829221E-01   -5.682067E-01   
-1.818654E-01   -5.678040E-01   
-1.808113E-01   -5.673987E-01   
-1.797597E-01   -5.669908E-01   
-1.787107E-01   -5.665804E-01   
-1.776642E-01   -5.661673E-01   
-1.766202E-01   -5.657518E-01   
-1.755788E-01   -5.653337E-01   
-1.745400E-01   -5.649131E-01   
-1.735037E-01   -5.644900E-01   
-1.724700E-01   -5.640644E-01   
-1.714388E-01   -5.636363E-01   
-1.704102E-01   -5.632058E-01   
-1.693842E-01   -5.627729E-01   
-1.683608E-01   -5.623375E-01   
-1.673400E-01   -5.618998E-01   
-1.663218E-01   -5.614596E-01   
-1.653061E-01   -5.610171E-01   
-1.642931E-01   -5.605722E-01   
-1.632827E-01   -5.601250E-01   
-1.622749E-01   -5.596754E-01   
-1.612696E-01   -5.592235E-01   
-1.602670E-01   -5.587694E-01   
-1.592670E-01   -5.583129E-01   
-1.582697E-01   -5.578542E-01   
-1.572749E-01   -5.573932E-01   
-1.562828E-01   -5.569300E-01   
-1.552933E-01   -5.564645E-01   
-1.543064E-01   -5.559969E-01   
-1.533222E-01   -5.555270E-01   
-1.523406E-01   -5.550550E-01   
-1.513617E-01   -5.545808E-01   
-1.503854E-01   -5.541045E-01   
-1.494117E-01   -5.536260E-01   
-1.484407E-01   -5.531454E-01   
-1.474723E-01   -5.526627E-01   
-1.465066E-01   -5.521779E-01   
-1.455435E-01   -5.516911E-01   
-1.445831E-01   -5.512021E-01   
-1.436254E-01   -5.507112E-01   
-1.426703E-01   -5.502182E-01   
-1.417178E-01   -5.497231E-01   
-1.407681E-01   -5.492261E-01   
-1.398209E-01   -5.487271E-01   
-1.388765E-01   -5.482261E-01   
-1.379347E-01   -5.477232E-01   
-1.369956E-01   -5.472183E-01   
-1.360592E-01   -5.467115E-01   
-1.351254E-01   -5.462028E-01   
-1.341943E-01   -5.456921E-01   
-1.332659E-01   -5.451796E-01   
-1.323401E-01   -5.446652E-01   
-1.314171E-01   -5.441490E-01   
-1.304967E-01   -5.436309E-01   
-1.295789E-01   -5.431110E-01   
-1.286639E-01   -5.425893E-01   
-1.277515E-01   -5.420657E-01   
-1.268419E-01   -5.415404E-01   
-1.259348E-01   -5.410133E-01   
-1.250305E-01   -5.404844E-01   
-1.241289E-01   -5.399538E-01   
-1.232299E-01   -5.394215E-01   
-1.223336E-01   -5.388875E-01   
-1.214400E-01   -5.383517E-01   
-1.205491E-01   -5.378143E-01   
-1.196608E-01   -5.372751E-01   
-1.187753E-01   -5.367344E-01   
-1.178924E-01   -5.361919E-01   
-1.170122E-01   -5.356479E-01   
-1.161347E-01   -5.351022E-01   
-1.152598E-01   -5.345549E-01   
-1.143877E-01   -5.340060E-01   
-1.135182E-01   -5.334555E-01   
-1.126514E-01   -5.329035E-01   
-1.117872E-01   -5.323499E-01   
-1.109258E-01   -5.317948E-01   
-1.100670E-01   -5.312381E-01   
-1.092109E-01   -5.306799E-01   
-1.083575E-01   -5.301203E-01   
-1.075067E-01   -5.295591E-01   
-1.066586E-01   -5.289965E-01   
-1.058132E-01   -5.284324E-01   
-1.049705E-01   -5.278668E-01   
-1.041304E-01   -5.272999E-01   
-1.032930E-01   -5.267315E-01   
-1.024583E-01   -5.261616E-01   
-1.016262E-01   -5.255904E-01   
-1.007968E-01   -5.250178E-01   
-9.997009E-02   -5.244439E-01   
-9.914602E-02   -5.238686E-01   
-9.832460E-02   -5.232919E-01   
-9.750584E-02   -5.227139E-01   
-9.668974E-02   -5.221346E-01   
-9.587629E-02   -5.215539E-01   
-9.506550E-02   -5.209720E-01   
-9.425735E-02   -5.203888E-01   
-9.345186E-02   -5.198043E-01   
-9.264901E-02   -5.192186E-01   
-9.184881E-02   -5.186316E-01   
-9.105125E-02   -5.180434E-01   
-9.025634E-02   -5.174540E-01   
-8.946406E-02   -5.168633E-01   
-8.867442E-02   -5.162715E-01   
-8.788742E-02   -5.156784E-01   
-8.710305E-02   -5.150842E-01   
-8.632130E-02   -5.144889E-01   
-8.554219E-02   -5.138924E-01   
-8.476570E-02   -5.132947E-01   
-8.399184E-02   -5.126959E-01   
-8.322059E-02   -5.120960E-01   
-8.245196E-02   -5.114951E-01   
-8.168595E-02   -5.108930E-01   
-8.092255E-02   -5.102898E-01   
-8.016176E-02   -5.096856E-01   
-7.940358E-02   -5.090803E-01   
-7.864800E-02   -5.084740E-01   
-7.789502E-02   -5.078666E-01   
-7.714464E-02   -5.072582E-01   
-7.639686E-02   -5.066488E-01   
-7.565167E-02   -5.060384E-01   
-7.490906E-02   -5.054270E-01   
-7.416905E-02   -5.048147E-01   
-7.343162E-02   -5.042014E-01   
-7.269677E-02   -5.035871E-01   
-7.196449E-02   -5.029719E-01   
-7.123479E-02   -5.023557E-01   
-7.050766E-02   -5.017386E-01   
-6.978310E-02   -5.011206E-01   
-6.906110E-02   -5.005017E-01   
-6.834166E-02   -4.998819E-01   
-6.762478E-02   -4.992613E-01   
-6.691045E-02   -4.986397E-01   
-6.619868E-02   -4.980174E-01   
-6.548945E-02   -4.973941E-01   
-6.478276E-02   -4.967700E-01   
-6.407861E-02   -4.961451E-01   
-6.337700E-02   -4.955194E-01   
-6.267792E-02   -4.948929E-01   
-6.198137E-02   -4.942656E-01   
-6.128734E-02   -4.936374E-01   
-6.059584E-02   -4.930086E-01   
-5.990685E-02   -4.923789E-01   
-5.922038E-02   -4.917485E-01   
-5.853641E-02   -4.911173E-01   
-5.785495E-02   -4.904855E-01   
-5.717600E-02   -4.898528E-01   
-5.649954E-02   -4.892195E-01   
-5.582557E-02   -4.885855E-01   
-5.515410E-02   -4.879507E-01   
-5.448511E-02   -4.873153E-01   
-5.381860E-02   -4.866792E-01   
-5.315457E-02   -4.860424E-01   
-5.249302E-02   -4.854050E-01   
-5.183393E-02   -4.847669E-01   
-5.117731E-02   -4.841282E-01   
-5.052315E-02   -4.834888E-01   
-4.987145E-02   -4.828488E-01   
-4.922220E-02   -4.822082E-01   
-4.857540E-02   -4.815670E-01   
-4.793105E-02   -4.809253E-01   
-4.728913E-02   -4.802829E-01   
-4.664965E-02   -4.796399E-01   
-4.601260E-02   -4.789964E-01   
-4.537798E-02   -4.783523E-01   
-4.474578E-02   -4.777077E-01   
-4.411599E-02   -4.770625E-01   
-4.348862E-02   -4.764168E-01   
-4.286367E-02   -4.757706E-01   
-4.224111E-02   -4.751238E-01   
-4.162096E-02   -4.744766E-01   
-4.100320E-02   -4.738288E-01   
-4.038783E-02   -4.731806E-01   
-3.977485E-02   -4.725318E-01   
-3.916425E-02   -4.718826E-01   
-3.855603E-02   -4.712330E-01   
-3.795018E-02   -4.705829E-01   
-3.734670E-02   -4.699323E-01   
-3.674558E-02   -4.692813E-01   
-3.614682E-02   -4.686298E-01   
-3.555042E-02   -4.679779E-01   
-3.495636E-02   -4.673256E-01   
-3.436465E-02   -4.666729E-01   
-3.377528E-02   -4.660198E-01   
-3.318825E-02   -4.653663E-01   
-3.260355E-02   -4.647124E-01   
-3.202117E-02   -4.640582E-01   
-3.144111E-02   -4.634035E-01   
-3.086337E-02   -4.627485E-01   
-3.028794E-02   -4.620932E-01   
-2.971482E-02   -4.614375E-01   
-2.914400E-02   -4.607814E-01   
-2.857547E-02   -4.601250E-01   
-2.800924E-02   -4.594683E-01   
-2.744530E-02   -4.588113E-01   
-2.688363E-02   -4.581540E-01   
-2.632425E-02   -4.574963E-01   
-2.576714E-02   -4.568384E-01   
-2.521229E-02   -4.561801E-01   
-2.465971E-02   -4.555216E-01   
-2.410939E-02   -4.548628E-01   
-2.356132E-02   -4.542037E-01   
-2.301550E-02   -4.535444E-01   
-2.247192E-02   -4.528848E-01   
-2.193058E-02   -4.522249E-01   
-2.139147E-02   -4.515649E-01   
-2.085459E-02   -4.509045E-01   
-2.031993E-02   -4.502440E-01   
-1.978750E-02   -4.495832E-01   
-1.925727E-02   -4.489222E-01   
-1.872926E-02   -4.482610E-01   
-1.820344E-02   -4.475995E-01   
-1.767983E-02   -4.469379E-01   
-1.715841E-02   -4.462761E-01   
-1.663918E-02   -4.456141E-01   
-1.612213E-02   -4.449519E-01   
-1.560726E-02   -4.442896E-01   
-1.509456E-02   -4.436271E-01   
-1.458403E-02   -4.429644E-01   
-1.407567E-02   -4.423015E-01   
-1.356946E-02   -4.416385E-01   
-1.306541E-02   -4.409754E-01   
-1.256350E-02   -4.403121E-01   
-1.206374E-02   -4.396487E-01   
-1.156612E-02   -4.389852E-01   
-1.107063E-02   -4.383215E-01   
-1.057727E-02   -4.376577E-01   
-1.008603E-02   -4.369938E-01   
-9.596908E-03   -4.363298E-01   
-9.109901E-03   -4.356657E-01   
-8.625002E-03   -4.350015E-01   
-8.142207E-03   -4.343372E-01   
-7.661509E-03   -4.336729E-01   
-7.182905E-03   -4.330084E-01   
-6.706389E-03   -4.323439E-01   
-6.231955E-03   -4.316793E-01   
-5.759600E-03   -4.310147E-01   
-5.289318E-03   -4.303499E-01   
-4.821104E-03   -4.296852E-01   
-4.354953E-03   -4.290204E-01   
-3.890860E-03   -4.283555E-01   
-3.428820E-03   -4.276906E-01   
-2.968828E-03   -4.270257E-01   
-2.510879E-03   -4.263607E-01   
-2.054968E-03   -4.256957E-01   
-1.601090E-03   -4.250307E-01   
-1.149241E-03   -4.243657E-01   
-6.994140E-04   -4.237007E-01   
-2.516055E-04   -4.230356E-01   
 1.941897E-04   -4.223706E-01   
 6.379768E-04   -4.217055E-01   
 1.079761E-03   -4.210405E-01   
 1.519546E-03   -4.203755E-01   
 1.957338E-03   -4.197105E-01   
 2.393142E-03   -4.190455E-01   
 2.826962E-03   -4.183805E-01   
 3.258804E-03   -4.177156E-01   
 3.688671E-03   -4.170507E-01   
 4.116571E-03   -4.163858E-01   
 4.542506E-03   -4.157210E-01   
 4.966482E-03   -4.150563E-01   
 5.388505E-03   -4.143915E-01   
 5.808578E-03   -4.137269E-01   
 6.226707E-03   -4.130622E-01   
 6.642896E-03   -4.123977E-01   
 7.057151E-03   -4.117332E-01   
 7.469476E-03   -4.110688E-01   
 7.879876E-03   -4.104044E-01   
 8.288357E-03   -4.097402E-01   
 8.694921E-03   -4.090760E-01   
 9.099576E-03   -4.084118E-01   
 9.502325E-03   -4.077478E-01   
 9.903173E-03   -4.070839E-01   
 1.030213E-02   -4.064200E-01   
 1.069919E-02   -4.057563E-01   
 1.109436E-02   -4.050927E-01   
 1.148765E-02   -4.044291E-01   
 1.187907E-02   -4.037657E-01   
 1.226861E-02   -4.031024E-01   
 1.265629E-02   -4.024392E-01   
 1.304210E-02   -4.017761E-01   
 1.342606E-02   -4.011131E-01   
 1.380816E-02   -4.004503E-01   
 1.418841E-02   -3.997876E-01   
 1.456682E-02   -3.991250E-01   
 1.494339E-02   -3.984625E-01   
 1.531812E-02   -3.978002E-01   
 1.569103E-02   -3.971380E-01   
 1.606211E-02   -3.964760E-01   
 1.643137E-02   -3.958141E-01   
 1.679881E-02   -3.951524E-01   
 1.716444E-02   -3.944908E-01   
 1.752826E-02   -3.938293E-01   
 1.789028E-02   -3.931680E-01   
 1.825051E-02   -3.925069E-01   
 1.860894E-02   -3.918460E-01   
 1.896558E-02   -3.911852E-01   
 1.932044E-02   -3.905245E-01   
 1.967351E-02   -3.898641E-01   
 2.002481E-02   -3.892038E-01   
 2.037434E-02   -3.885437E-01   
 2.072211E-02   -3.878837E-01   
 2.106811E-02   -3.872240E-01   
 2.141236E-02   -3.865644E-01   
 2.175485E-02   -3.859050E-01   
 2.209559E-02   -3.852458E-01   
 2.243459E-02   -3.845868E-01   
 2.277185E-02   -3.839280E-01   
 2.310738E-02   -3.832694E-01   
 2.344117E-02   -3.826109E-01   
 2.377323E-02   -3.819527E-01   
 2.410358E-02   -3.812947E-01   
 2.443220E-02   -3.806369E-01   
 2.475912E-02   -3.799792E-01   
 2.508432E-02   -3.793218E-01   
 2.540782E-02   -3.786646E-01   
 2.572961E-02   -3.780076E-01   
 2.604971E-02   -3.773508E-01   
 2.636812E-02   -3.766943E-01   
 2.668484E-02   -3.760379E-01   
 2.699988E-02   -3.753818E-01   
 2.731323E-02   -3.747259E-01   
 2.762491E-02   -3.740702E-01   
 2.793492E-02   -3.734148E-01   
 2.824326E-02   -3.727595E-01   
 2.854994E-02   -3.721045E-01   
 2.885496E-02   -3.714498E-01   
 2.915833E-02   -3.707952E-01   
 2.946004E-02   -3.701409E-01   
 2.976011E-02   -3.694868E-01   
 3.005853E-02   -3.688330E-01   
 3.035532E-02   -3.681794E-01   
 3.065047E-02   -3.675261E-01   
 3.094399E-02   -3.668730E-01   
 3.123589E-02   -3.662201E-01   
 3.152616E-02   -3.655675E-01   
 3.181481E-02   -3.649151E-01   
 3.210185E-02   -3.642630E-01   
 3.238728E-02   -3.636111E-01   
 3.267110E-02   -3.629595E-01   
 3.295332E-02   -3.623081E-01   
 3.323394E-02   -3.616570E-01   
 3.351297E-02   -3.610061E-01   
 3.379041E-02   -3.603555E-01   
 3.406625E-02   -3.597051E-01   
 3.434052E-02   -3.590551E-01   
 3.461320E-02   -3.584052E-01   
 3.488431E-02   -3.577557E-01   
 3.515385E-02   -3.571064E-01   
 3.542182E-02   -3.564573E-01   
 3.568823E-02   -3.558085E-01   
 3.595307E-02   -3.551600E-01   
 3.621636E-02   -3.545118E-01   
 3.647809E-02   -3.538638E-01   
 3.673828E-02   -3.532161E-01   
 3.699692E-02   -3.525687E-01   
 3.725402E-02   -3.519215E-01   
 3.750958E-02   -3.512746E-01   
 3.776361E-02   -3.506280E-01   
 3.801610E-02   -3.499817E-01   
 3.826707E-02   -3.493356E-01   
 3.851651E-02   -3.486899E-01   
 3.876444E-02   -3.480443E-01   
 3.901084E-02   -3.473991E-01   
 3.925574E-02   -3.467542E-01   
 3.949912E-02   -3.461095E-01   
 3.974100E-02   -3.454651E-01   
 3.998138E-02   -3.448210E-01   
 4.022026E-02   -3.441772E-01   
 4.045764E-02   -3.435337E-01   
 4.069353E-02   -3.428904E-01   
 4.092793E-02   -3.422475E-01   
 4.116085E-02   -3.416048E-01   
 4.139229E-02   -3.409624E-01   
 4.162224E-02   -3.403203E-01   
 4.185073E-02   -3.396785E-01   
 4.207774E-02   -3.390370E-01   
 4.230329E-02   -3.383957E-01   
 4.252737E-02   -3.377548E-01   
 4.274999E-02   -3.371141E-01   
 4.297115E-02   -3.364738E-01   
 4.319085E-02   -3.358337E-01   
 4.340911E-02   -3.351939E-01   
 4.362592E-02   -3.345545E-01   
 4.384128E-02   -3.339153E-01   
 4.405520E-02   -3.332764E-01   
 4.426769E-02   -3.326378E-01   
 4.447874E-02   -3.319995E-01   
 4.468835E-02   -3.313615E-01   
 4.489654E-02   -3.307238E-01   
 4.510331E-02   -3.300864E-01   
 4.530865E-02   -3.294493E-01   
 4.551257E-02   -3.288124E-01   
 4.571508E-02   -3.281759E-01   
 4.591618E-02   -3.275397E-01   
 4.611586E-02   -3.269038E-01   
 4.631414E-02   -3.262682E-01   
 4.651102E-02   -3.256329E-01   
 4.670649E-02   -3.249978E-01   
 4.690057E-02   -3.243631E-01   
 4.709326E-02   -3.237287E-01   
 4.728455E-02   -3.230946E-01   
 4.747446E-02   -3.224608E-01   
