 1.303214E+00    7.929182E-01   
 1.301899E+00    7.784347E-01   
 1.300396E+00    7.641402E-01   
 1.298711E+00    7.500315E-01   
 1.296848E+00    7.361049E-01   
 1.294813E+00    7.223573E-01   
 1.292612E+00    7.087854E-01   
 1.290249E+00    6.953858E-01   
 1.287729E+00    6.821555E-01   
 1.285057E+00    6.690915E-01   
 1.282237E+00    6.561906E-01   
 1.279275E+00    6.434499E-01   
 1.276175E+00    6.308665E-01   
 1.272941E+00    6.184375E-01   
 1.269577E+00    6.061602E-01   
 1.266087E+00    5.940318E-01   
 1.262476E+00    5.820496E-01   
 1.258747E+00    5.702110E-01   
 1.254905E+00    5.585134E-01   
 1.250952E+00    5.469543E-01   
 1.246893E+00    5.355312E-01   
 1.242732E+00    5.242416E-01   
 1.238471E+00    5.130833E-01   
 1.234114E+00    5.020538E-01   
 1.229664E+00    4.911509E-01   
 1.225125E+00    4.803722E-01   
 1.220500E+00    4.697157E-01   
 1.215791E+00    4.591792E-01   
 1.211002E+00    4.487605E-01   
 1.206136E+00    4.384576E-01   
 1.201195E+00    4.282685E-01   
 1.196183E+00    4.181911E-01   
 1.191101E+00    4.082235E-01   
 1.185953E+00    3.983638E-01   
 1.180741E+00    3.886102E-01   
 1.175468E+00    3.789607E-01   
 1.170135E+00    3.694137E-01   
 1.164746E+00    3.599673E-01   
 1.159302E+00    3.506197E-01   
 1.153807E+00    3.413694E-01   
 1.148261E+00    3.322147E-01   
 1.142668E+00    3.231539E-01   
 1.137028E+00    3.141854E-01   
 1.131345E+00    3.053077E-01   
 1.125620E+00    2.965192E-01   
 1.119855E+00    2.878184E-01   
 1.114053E+00    2.792040E-01   
 1.108213E+00    2.706743E-01   
 1.102340E+00    2.622281E-01   
 1.096433E+00    2.538639E-01   
 1.090496E+00    2.455804E-01   
 1.084529E+00    2.373762E-01   
 1.078534E+00    2.292500E-01   
 1.072512E+00    2.212006E-01   
 1.066466E+00    2.132268E-01   
 1.060396E+00    2.053272E-01   
 1.054304E+00    1.975007E-01   
 1.048191E+00    1.897461E-01   
 1.042060E+00    1.820622E-01   
 1.035909E+00    1.744479E-01   
 1.029743E+00    1.669022E-01   
 1.023560E+00    1.594239E-01   
 1.017363E+00    1.520119E-01   
 1.011153E+00    1.446652E-01   
 1.004931E+00    1.373829E-01   
 9.986974E-01    1.301638E-01   
 9.924540E-01    1.230070E-01   
 9.862018E-01    1.159115E-01   
 9.799416E-01    1.088764E-01   
 9.736743E-01    1.019008E-01   
 9.674011E-01    9.498371E-02   
 9.611227E-01    8.812430E-02   
 9.548401E-01    8.132168E-02   
 9.485541E-01    7.457500E-02   
 9.422655E-01    6.788341E-02   
 9.359753E-01    6.124610E-02   
 9.296840E-01    5.466226E-02   
 9.233926E-01    4.813111E-02   
 9.171018E-01    4.165186E-02   
 9.108122E-01    3.522376E-02   
 9.045246E-01    2.884608E-02   
 8.982397E-01    2.251806E-02   
 8.919580E-01    1.623902E-02   
 8.856803E-01    1.000824E-02   
 8.794071E-01    3.825031E-03   
 8.731391E-01   -2.311268E-03   
 8.668768E-01   -8.401321E-03   
 8.606207E-01   -1.444577E-02   
 8.543715E-01   -2.044526E-02   
 8.481296E-01   -2.640040E-02   
 8.418956E-01   -3.231181E-02   
 8.356698E-01   -3.818008E-02   
 8.294529E-01   -4.400579E-02   
 8.232453E-01   -4.978953E-02   
 8.170473E-01   -5.553184E-02   
 8.108595E-01   -6.123329E-02   
 8.046822E-01   -6.689441E-02   
 7.985158E-01   -7.251574E-02   
 7.923608E-01   -7.809779E-02   
 7.862174E-01   -8.364107E-02   
 7.800861E-01   -8.914608E-02   
 7.739672E-01   -9.461331E-02   
 7.678610E-01   -1.000432E-01   
 7.617679E-01   -1.054364E-01   
 7.556881E-01   -1.107931E-01   
 7.496220E-01   -1.161139E-01   
 7.435698E-01   -1.213993E-01   
 7.375318E-01   -1.266496E-01   
 7.315083E-01   -1.318653E-01   
 7.254995E-01   -1.370468E-01   
 7.195057E-01   -1.421945E-01   
 7.135272E-01   -1.473088E-01   
 7.075640E-01   -1.523901E-01   
 7.016165E-01   -1.574389E-01   
 6.956849E-01   -1.624554E-01   
 6.897693E-01   -1.674400E-01   
 6.838699E-01   -1.723932E-01   
 6.779870E-01   -1.773152E-01   
 6.721207E-01   -1.822065E-01   
 6.662711E-01   -1.870673E-01   
 6.604385E-01   -1.918980E-01   
 6.546230E-01   -1.966989E-01   
 6.488246E-01   -2.014703E-01   
 6.430436E-01   -2.062127E-01   
 6.372801E-01   -2.109262E-01   
 6.315342E-01   -2.156111E-01   
 6.258060E-01   -2.202679E-01   
 6.200956E-01   -2.248967E-01   
 6.144032E-01   -2.294979E-01   
 6.087288E-01   -2.340717E-01   
 6.030725E-01   -2.386184E-01   
 5.974344E-01   -2.431383E-01   
 5.918147E-01   -2.476316E-01   
 5.862132E-01   -2.520987E-01   
 5.806302E-01   -2.565397E-01   
 5.750658E-01   -2.609550E-01   
 5.695198E-01   -2.653447E-01   
 5.639925E-01   -2.697091E-01   
 5.584839E-01   -2.740484E-01   
 5.529939E-01   -2.783629E-01   
 5.475228E-01   -2.826528E-01   
 5.420704E-01   -2.869183E-01   
 5.366368E-01   -2.911596E-01   
 5.312221E-01   -2.953770E-01   
 5.258263E-01   -2.995706E-01   
 5.204494E-01   -3.037407E-01   
 5.150915E-01   -3.078875E-01   
 5.097525E-01   -3.120111E-01   
 5.044324E-01   -3.161118E-01   
 4.991313E-01   -3.201897E-01   
 4.938491E-01   -3.242450E-01   
 4.885860E-01   -3.282780E-01   
 4.833418E-01   -3.322887E-01   
 4.781166E-01   -3.362774E-01   
 4.729103E-01   -3.402443E-01   
 4.677230E-01   -3.441894E-01   
 4.625547E-01   -3.481130E-01   
 4.574052E-01   -3.520153E-01   
 4.522747E-01   -3.558963E-01   
 4.471631E-01   -3.597563E-01   
 4.420704E-01   -3.635954E-01   
 4.369965E-01   -3.674138E-01   
 4.319414E-01   -3.712115E-01   
 4.269051E-01   -3.749888E-01   
 4.218876E-01   -3.787458E-01   
 4.168888E-01   -3.824826E-01   
 4.119088E-01   -3.861994E-01   
 4.069474E-01   -3.898962E-01   
 4.020046E-01   -3.935733E-01   
 3.970804E-01   -3.972307E-01   
 3.921748E-01   -4.008686E-01   
 3.872877E-01   -4.044871E-01   
 3.824191E-01   -4.080863E-01   
 3.775689E-01   -4.116664E-01   
 3.727370E-01   -4.152274E-01   
 3.679235E-01   -4.187695E-01   
 3.631283E-01   -4.222927E-01   
 3.583513E-01   -4.257973E-01   
 3.535924E-01   -4.292833E-01   
 3.488517E-01   -4.327507E-01   
 3.441291E-01   -4.361998E-01   
 3.394245E-01   -4.396305E-01   
 3.347379E-01   -4.430431E-01   
 3.300691E-01   -4.464376E-01   
 3.254182E-01   -4.498141E-01   
 3.207851E-01   -4.531726E-01   
 3.161698E-01   -4.565134E-01   
 3.115721E-01   -4.598364E-01   
 3.069920E-01   -4.631418E-01   
 3.024294E-01   -4.664297E-01   
 2.978844E-01   -4.697001E-01   
 2.933568E-01   -4.729531E-01   
 2.888465E-01   -4.761888E-01   
 2.843535E-01   -4.794073E-01   
 2.798778E-01   -4.826086E-01   
 2.754192E-01   -4.857929E-01   
 2.709777E-01   -4.889602E-01   
 2.665533E-01   -4.921106E-01   
 2.621458E-01   -4.952441E-01   
 2.577552E-01   -4.983609E-01   
 2.533815E-01   -5.014610E-01   
 2.490245E-01   -5.045445E-01   
 2.446842E-01   -5.076113E-01   
 2.403606E-01   -5.106617E-01   
 2.360535E-01   -5.136957E-01   
 2.317629E-01   -5.167133E-01   
 2.274887E-01   -5.197146E-01   
 2.232308E-01   -5.226996E-01   
 2.189893E-01   -5.256685E-01   
 2.147639E-01   -5.286213E-01   
 2.105547E-01   -5.315579E-01   
 2.063616E-01   -5.344786E-01   
 2.021845E-01   -5.373833E-01   
 1.980233E-01   -5.402721E-01   
 1.938779E-01   -5.431451E-01   
 1.897484E-01   -5.460023E-01   
 1.856345E-01   -5.488437E-01   
 1.815363E-01   -5.516695E-01   
 1.774537E-01   -5.544796E-01   
 1.733866E-01   -5.572741E-01   
 1.693349E-01   -5.600531E-01   
 1.652986E-01   -5.628166E-01   
 1.612775E-01   -5.655647E-01   
 1.572717E-01   -5.682973E-01   
 1.532811E-01   -5.710146E-01   
 1.493055E-01   -5.737166E-01   
 1.453449E-01   -5.764033E-01   
 1.413993E-01   -5.790747E-01   
 1.374685E-01   -5.817310E-01   
 1.335526E-01   -5.843722E-01   
 1.296513E-01   -5.869982E-01   
 1.257647E-01   -5.896092E-01   
 1.218927E-01   -5.922052E-01   
 1.180353E-01   -5.947861E-01   
 1.141922E-01   -5.973522E-01   
 1.103636E-01   -5.999033E-01   
 1.065492E-01   -6.024395E-01   
 1.027492E-01   -6.049609E-01   
 9.896323E-02   -6.074675E-01   
 9.519141E-02   -6.099593E-01   
 9.143363E-02   -6.124364E-01   
 8.768981E-02   -6.148988E-01   
 8.395990E-02   -6.173465E-01   
 8.024381E-02   -6.197796E-01   
 7.654150E-02   -6.221981E-01   
 7.285288E-02   -6.246020E-01   
 6.917790E-02   -6.269914E-01   
 6.551648E-02   -6.293662E-01   
 6.186856E-02   -6.317266E-01   
 5.823407E-02   -6.340725E-01   
 5.461295E-02   -6.364040E-01   
 5.100513E-02   -6.387211E-01   
 4.741055E-02   -6.410239E-01   
 4.382914E-02   -6.433123E-01   
 4.026084E-02   -6.455864E-01   
 3.670559E-02   -6.478462E-01   
 3.316332E-02   -6.500918E-01   
 2.963396E-02   -6.523232E-01   
 2.611745E-02   -6.545403E-01   
 2.261374E-02   -6.567433E-01   
 1.912276E-02   -6.589321E-01   
 1.564444E-02   -6.611068E-01   
 1.217873E-02   -6.632674E-01   
 8.725561E-03   -6.654139E-01   
 5.284874E-03   -6.675464E-01   
 1.856610E-03   -6.696649E-01   
-1.559294E-03   -6.717693E-01   
-4.962896E-03   -6.738598E-01   
-8.354257E-03   -6.759363E-01   
-1.173344E-02   -6.779989E-01   
-1.510049E-02   -6.800476E-01   
-1.845548E-02   -6.820824E-01   
-2.179847E-02   -6.841034E-01   
-2.512950E-02   -6.861105E-01   
-2.844865E-02   -6.881038E-01   
-3.175596E-02   -6.900833E-01   
-3.505149E-02   -6.920490E-01   
-3.833530E-02   -6.940009E-01   
-4.160745E-02   -6.959392E-01   
-4.486798E-02   -6.978637E-01   
-4.811697E-02   -6.997745E-01   
-5.135445E-02   -7.016717E-01   
-5.458049E-02   -7.035552E-01   
-5.779514E-02   -7.054251E-01   
-6.099845E-02   -7.072814E-01   
-6.419047E-02   -7.091242E-01   
-6.737127E-02   -7.109533E-01   
-7.054089E-02   -7.127689E-01   
-7.369938E-02   -7.145710E-01   
-7.684680E-02   -7.163596E-01   
-7.998319E-02   -7.181347E-01   
-8.310861E-02   -7.198963E-01   
-8.622311E-02   -7.216445E-01   
-8.932674E-02   -7.233793E-01   
-9.241955E-02   -7.251006E-01   
-9.550159E-02   -7.268086E-01   
-9.857291E-02   -7.285032E-01   
-1.016335E-01   -7.301845E-01   
-1.046836E-01   -7.318524E-01   
-1.077230E-01   -7.335071E-01   
-1.107519E-01   -7.351484E-01   
-1.137703E-01   -7.367765E-01   
-1.167783E-01   -7.383913E-01   
-1.197759E-01   -7.399929E-01   
-1.227632E-01   -7.415813E-01   
-1.257402E-01   -7.431566E-01   
-1.287069E-01   -7.447186E-01   
-1.316634E-01   -7.462675E-01   
-1.346097E-01   -7.478032E-01   
-1.375459E-01   -7.493259E-01   
-1.404721E-01   -7.508355E-01   
-1.433882E-01   -7.523319E-01   
-1.462943E-01   -7.538154E-01   
-1.491905E-01   -7.552858E-01   
-1.520768E-01   -7.567431E-01   
-1.549532E-01   -7.581875E-01   
-1.578198E-01   -7.596189E-01   
-1.606766E-01   -7.610374E-01   
-1.635237E-01   -7.624429E-01   
-1.663611E-01   -7.638355E-01   
-1.691888E-01   -7.652152E-01   
-1.720069E-01   -7.665820E-01   
-1.748155E-01   -7.679360E-01   
-1.776145E-01   -7.692772E-01   
-1.804040E-01   -7.706055E-01   
-1.831840E-01   -7.719210E-01   
-1.859546E-01   -7.732238E-01   
-1.887158E-01   -7.745137E-01   
-1.914677E-01   -7.757910E-01   
-1.942103E-01   -7.770555E-01   
-1.969436E-01   -7.783074E-01   
-1.996676E-01   -7.795466E-01   
-2.023825E-01   -7.807731E-01   
-2.050882E-01   -7.819870E-01   
-2.077847E-01   -7.831883E-01   
-2.104722E-01   -7.843770E-01   
-2.131506E-01   -7.855531E-01   
-2.158200E-01   -7.867167E-01   
-2.184803E-01   -7.878677E-01   
-2.211317E-01   -7.890062E-01   
-2.237742E-01   -7.901323E-01   
-2.264078E-01   -7.912459E-01   
-2.290326E-01   -7.923471E-01   
-2.316485E-01   -7.934358E-01   
-2.342556E-01   -7.945122E-01   
-2.368539E-01   -7.955761E-01   
-2.394435E-01   -7.966278E-01   
-2.420244E-01   -7.976671E-01   
-2.445966E-01   -7.986941E-01   
-2.471602E-01   -7.997088E-01   
-2.497152E-01   -8.007112E-01   
-2.522616E-01   -8.017014E-01   
-2.547994E-01   -8.026794E-01   
-2.573287E-01   -8.036452E-01   
-2.598495E-01   -8.045989E-01   
-2.623619E-01   -8.055404E-01   
-2.648658E-01   -8.064698E-01   
-2.673613E-01   -8.073870E-01   
-2.698484E-01   -8.082923E-01   
-2.723272E-01   -8.091854E-01   
-2.747976E-01   -8.100666E-01   
-2.772597E-01   -8.109357E-01   
-2.797136E-01   -8.117929E-01   
-2.821592E-01   -8.126381E-01   
-2.845966E-01   -8.134714E-01   
-2.870258E-01   -8.142928E-01   
-2.894468E-01   -8.151024E-01   
-2.918596E-01   -8.159000E-01   
-2.942644E-01   -8.166859E-01   
-2.966610E-01   -8.174600E-01   
-2.990496E-01   -8.182223E-01   
-3.014301E-01   -8.189728E-01   
-3.038026E-01   -8.197117E-01   
-3.061671E-01   -8.204388E-01   
-3.085236E-01   -8.211543E-01   
-3.108721E-01   -8.218582E-01   
-3.132128E-01   -8.225504E-01   
-3.155455E-01   -8.232311E-01   
-3.178703E-01   -8.239002E-01   
-3.201872E-01   -8.245577E-01   
-3.224963E-01   -8.252038E-01   
-3.247976E-01   -8.258384E-01   
-3.270911E-01   -8.264616E-01   
-3.293768E-01   -8.270733E-01   
-3.316547E-01   -8.276737E-01   
-3.339249E-01   -8.282627E-01   
-3.361874E-01   -8.288404E-01   
-3.384421E-01   -8.294068E-01   
-3.406892E-01   -8.299619E-01   
-3.429286E-01   -8.305058E-01   
-3.451604E-01   -8.310384E-01   
-3.473846E-01   -8.315599E-01   
-3.496011E-01   -8.320702E-01   
-3.518101E-01   -8.325694E-01   
-3.540115E-01   -8.330576E-01   
-3.562053E-01   -8.335346E-01   
-3.583916E-01   -8.340007E-01   
-3.605704E-01   -8.344557E-01   
-3.627418E-01   -8.348998E-01   
-3.649056E-01   -8.353329E-01   
-3.670619E-01   -8.357551E-01   
-3.692109E-01   -8.361665E-01   
-3.713524E-01   -8.365670E-01   
-3.734864E-01   -8.369567E-01   
-3.756131E-01   -8.373356E-01   
-3.777324E-01   -8.377038E-01   
-3.798444E-01   -8.380613E-01   
-3.819490E-01   -8.384081E-01   
-3.840462E-01   -8.387443E-01   
-3.861362E-01   -8.390699E-01   
-3.882188E-01   -8.393848E-01   
-3.902942E-01   -8.396893E-01   
-3.923623E-01   -8.399832E-01   
-3.944231E-01   -8.402666E-01   
-3.964767E-01   -8.405396E-01   
-3.985230E-01   -8.408022E-01   
-4.005622E-01   -8.410545E-01   
-4.025941E-01   -8.412964E-01   
-4.046189E-01   -8.415280E-01   
-4.066365E-01   -8.417493E-01   
-4.086469E-01   -8.419604E-01   
-4.106502E-01   -8.421613E-01   
-4.126463E-01   -8.423520E-01   
-4.146354E-01   -8.425326E-01   
-4.166173E-01   -8.427031E-01   
-4.185921E-01   -8.428636E-01   
-4.205599E-01   -8.430141E-01   
-4.225205E-01   -8.431545E-01   
-4.244742E-01   -8.432851E-01   
-4.264207E-01   -8.434057E-01   
-4.283603E-01   -8.435165E-01   
-4.302928E-01   -8.436174E-01   
-4.322183E-01   -8.437085E-01   
-4.341369E-01   -8.437899E-01   
-4.360484E-01   -8.438616E-01   
-4.379529E-01   -8.439236E-01   
-4.398505E-01   -8.439759E-01   
-4.417412E-01   -8.440187E-01   
-4.436249E-01   -8.440518E-01   
-4.455017E-01   -8.440755E-01   
-4.473715E-01   -8.440897E-01   
-4.492345E-01   -8.440944E-01   
-4.510905E-01   -8.440897E-01   
-4.529397E-01   -8.440757E-01   
-4.547819E-01   -8.440523E-01   
-4.566173E-01   -8.440196E-01   
-4.584459E-01   -8.439777E-01   
-4.602676E-01   -8.439266E-01   
-4.620825E-01   -8.438663E-01   
-4.638905E-01   -8.437969E-01   
-4.656917E-01   -8.437184E-01   
-4.674861E-01   -8.436308E-01   
-4.692738E-01   -8.435343E-01   
-4.710546E-01   -8.434288E-01   
-4.728286E-01   -8.433143E-01   
-4.745959E-01   -8.431910E-01   
-4.763564E-01   -8.430589E-01   
-4.781102E-01   -8.429179E-01   
-4.798572E-01   -8.427682E-01   
-4.815974E-01   -8.426098E-01   
-4.833310E-01   -8.424427E-01   
-4.850578E-01   -8.422670E-01   
-4.867779E-01   -8.420827E-01   
-4.884914E-01   -8.418898E-01   
-4.901981E-01   -8.416885E-01   
-4.918981E-01   -8.414787E-01   
-4.935915E-01   -8.412605E-01   
-4.952782E-01   -8.410339E-01   
-4.969583E-01   -8.407990E-01   
-4.986316E-01   -8.405558E-01   
-5.002984E-01   -8.403043E-01   
-5.019585E-01   -8.400447E-01   
-5.036120E-01   -8.397769E-01   
-5.052589E-01   -8.395010E-01   
-5.068991E-01   -8.392170E-01   
-5.085328E-01   -8.389251E-01   
-5.101599E-01   -8.386251E-01   
-5.117803E-01   -8.383172E-01   
-5.133942E-01   -8.380015E-01   
-5.150016E-01   -8.376778E-01   
-5.166023E-01   -8.373464E-01   
-5.181966E-01   -8.370073E-01   
-5.197842E-01   -8.366604E-01   
-5.213653E-01   -8.363059E-01   
-5.229399E-01   -8.359437E-01   
-5.245080E-01   -8.355740E-01   
-5.260695E-01   -8.351968E-01   
-5.276246E-01   -8.348121E-01   
-5.291731E-01   -8.344199E-01   
-5.307151E-01   -8.340204E-01   
-5.322507E-01   -8.336135E-01   
-5.337798E-01   -8.331994E-01   
-5.353024E-01   -8.327779E-01   
-5.368185E-01   -8.323493E-01   
-5.383282E-01   -8.319136E-01   
-5.398314E-01   -8.314707E-01   
-5.413282E-01   -8.310207E-01   
-5.428185E-01   -8.305638E-01   
-5.443024E-01   -8.300998E-01   
-5.457799E-01   -8.296290E-01   
-5.472510E-01   -8.291513E-01   
-5.487157E-01   -8.286667E-01   
-5.501739E-01   -8.281754E-01   
-5.516258E-01   -8.276773E-01   
-5.530713E-01   -8.271725E-01   
-5.545104E-01   -8.266611E-01   
-5.559432E-01   -8.261431E-01   
-5.573696E-01   -8.256186E-01   
-5.587896E-01   -8.250876E-01   
-5.602033E-01   -8.245501E-01   
-5.616107E-01   -8.240062E-01   
-5.630117E-01   -8.234560E-01   
-5.644064E-01   -8.228994E-01   
-5.657947E-01   -8.223366E-01   
-5.671768E-01   -8.217676E-01   
-5.685526E-01   -8.211924E-01   
-5.699220E-01   -8.206111E-01   
-5.712852E-01   -8.200237E-01   
-5.726421E-01   -8.194304E-01   
-5.739927E-01   -8.188310E-01   
-5.753371E-01   -8.182257E-01   
-5.766752E-01   -8.176146E-01   
-5.780071E-01   -8.169976E-01   
-5.793327E-01   -8.163748E-01   
-5.806521E-01   -8.157463E-01   
-5.819652E-01   -8.151122E-01   
-5.832722E-01   -8.144724E-01   
-5.845729E-01   -8.138270E-01   
-5.858674E-01   -8.131760E-01   
-5.871558E-01   -8.125196E-01   
-5.884379E-01   -8.118577E-01   
-5.897139E-01   -8.111905E-01   
-5.909837E-01   -8.105179E-01   
-5.922474E-01   -8.098400E-01   
-5.935049E-01   -8.091568E-01   
-5.947562E-01   -8.084685E-01   
-5.960015E-01   -8.077750E-01   
-5.972406E-01   -8.070764E-01   
-5.984735E-01   -8.063727E-01   
-5.997004E-01   -8.056640E-01   
-6.009212E-01   -8.049504E-01   
-6.021358E-01   -8.042319E-01   
-6.033444E-01   -8.035085E-01   
-6.045469E-01   -8.027803E-01   
-6.057434E-01   -8.020473E-01   
-6.069338E-01   -8.013096E-01   
-6.081181E-01   -8.005672E-01   
-6.092964E-01   -7.998202E-01   
-6.104687E-01   -7.990687E-01   
-6.116350E-01   -7.983126E-01   
-6.127952E-01   -7.975521E-01   
-6.139495E-01   -7.967871E-01   
-6.150977E-01   -7.960177E-01   
-6.162400E-01   -7.952440E-01   
-6.173763E-01   -7.944660E-01   
-6.185066E-01   -7.936838E-01   
-6.196310E-01   -7.928974E-01   
-6.207495E-01   -7.921068E-01   
-6.218620E-01   -7.913122E-01   
-6.229686E-01   -7.905135E-01   
-6.240692E-01   -7.897108E-01   
-6.251640E-01   -7.889041E-01   
-6.262529E-01   -7.880936E-01   
-6.273359E-01   -7.872792E-01   
-6.284130E-01   -7.864609E-01   
-6.294842E-01   -7.856390E-01   
-6.305496E-01   -7.848133E-01   
-6.316092E-01   -7.839839E-01   
-6.326629E-01   -7.831509E-01   
-6.337108E-01   -7.823144E-01   
-6.347529E-01   -7.814743E-01   
-6.357893E-01   -7.806307E-01   
-6.368198E-01   -7.797837E-01   
-6.378445E-01   -7.789333E-01   
-6.388635E-01   -7.780796E-01   
-6.398767E-01   -7.772226E-01   
-6.408842E-01   -7.763623E-01   
-6.418860E-01   -7.754988E-01   
-6.428820E-01   -7.746322E-01   
-6.438724E-01   -7.737625E-01   
-6.448570E-01   -7.728897E-01   
-6.458360E-01   -7.720139E-01   
-6.468092E-01   -7.711351E-01   
-6.477769E-01   -7.702534E-01   
-6.487389E-01   -7.693688E-01   
-6.496952E-01   -7.684813E-01   
-6.506459E-01   -7.675911E-01   
-6.515910E-01   -7.666981E-01   
-6.525306E-01   -7.658024E-01   
-6.534645E-01   -7.649041E-01   
-6.543929E-01   -7.640032E-01   
-6.553157E-01   -7.630997E-01   
-6.562330E-01   -7.621936E-01   
-6.571447E-01   -7.612851E-01   
-6.580509E-01   -7.603742E-01   
-6.589516E-01   -7.594609E-01   
-6.598468E-01   -7.585452E-01   
-6.607366E-01   -7.576272E-01   
-6.616209E-01   -7.567070E-01   
-6.624997E-01   -7.557845E-01   
-6.633731E-01   -7.548599E-01   
-6.642410E-01   -7.539331E-01   
-6.651036E-01   -7.530043E-01   
-6.659607E-01   -7.520734E-01   
-6.668125E-01   -7.511405E-01   
-6.676589E-01   -7.502057E-01   
-6.685000E-01   -7.492689E-01   
-6.693357E-01   -7.483303E-01   
-6.701661E-01   -7.473898E-01   
-6.709912E-01   -7.464476E-01   
-6.718110E-01   -7.455036E-01   
-6.726255E-01   -7.445579E-01   
-6.734348E-01   -7.436105E-01   
-6.742388E-01   -7.426615E-01   
-6.750375E-01   -7.417110E-01   
-6.758311E-01   -7.407588E-01   
-6.766194E-01   -7.398052E-01   
-6.774026E-01   -7.388502E-01   
-6.781806E-01   -7.378937E-01   
-6.789534E-01   -7.369358E-01   
-6.797211E-01   -7.359766E-01   
-6.804837E-01   -7.350161E-01   
-6.812412E-01   -7.340543E-01   
-6.819936E-01   -7.330913E-01   
-6.827409E-01   -7.321271E-01   
-6.834831E-01   -7.311618E-01   
-6.842203E-01   -7.301954E-01   
-6.849525E-01   -7.292279E-01   
-6.856796E-01   -7.282594E-01   
-6.864018E-01   -7.272899E-01   
-6.871190E-01   -7.263194E-01   
-6.878312E-01   -7.253481E-01   
-6.885385E-01   -7.243758E-01   
-6.892409E-01   -7.234028E-01   
-6.899384E-01   -7.224289E-01   
-6.906309E-01   -7.214542E-01   
-6.913186E-01   -7.204789E-01   
-6.920015E-01   -7.195028E-01   
-6.926795E-01   -7.185261E-01   
-6.933527E-01   -7.175488E-01   
-6.940211E-01   -7.165709E-01   
-6.946847E-01   -7.155924E-01   
-6.953435E-01   -7.146134E-01   
-6.959976E-01   -7.136340E-01   
-6.966470E-01   -7.126541E-01   
-6.972916E-01   -7.116738E-01   
-6.979316E-01   -7.106932E-01   
-6.985668E-01   -7.097122E-01   
-6.991975E-01   -7.087309E-01   
-6.998235E-01   -7.077493E-01   
-7.004448E-01   -7.067675E-01   
-7.010616E-01   -7.057855E-01   
-7.016738E-01   -7.048033E-01   
-7.022814E-01   -7.038210E-01   
-7.028845E-01   -7.028386E-01   
-7.034831E-01   -7.018561E-01   
-7.040771E-01   -7.008736E-01   
-7.046667E-01   -6.998911E-01   
-7.052518E-01   -6.989086E-01   
-7.058325E-01   -6.979262E-01   
-7.064087E-01   -6.969439E-01   
-7.069805E-01   -6.959617E-01   
-7.075480E-01   -6.949796E-01   
-7.081110E-01   -6.939977E-01   
-7.086698E-01   -6.930160E-01   
-7.092242E-01   -6.920346E-01   
-7.097743E-01   -6.910535E-01   
-7.103201E-01   -6.900726E-01   
-7.108616E-01   -6.890921E-01   
-7.113989E-01   -6.881120E-01   
-7.119320E-01   -6.871322E-01   
-7.124608E-01   -6.861529E-01   
-7.129855E-01   -6.851740E-01   
-7.135060E-01   -6.841956E-01   
-7.140224E-01   -6.832177E-01   
-7.145346E-01   -6.822403E-01   
-7.150428E-01   -6.812635E-01   
-7.155469E-01   -6.802873E-01   
-7.160469E-01   -6.793117E-01   
-7.165428E-01   -6.783367E-01   
-7.170348E-01   -6.773624E-01   
-7.175227E-01   -6.763888E-01   
-7.180067E-01   -6.754160E-01   
-7.184867E-01   -6.744438E-01   
-7.189628E-01   -6.734725E-01   
-7.194349E-01   -6.725019E-01   
-7.199032E-01   -6.715322E-01   
-7.203676E-01   -6.705633E-01   
-7.208282E-01   -6.695953E-01   
-7.212849E-01   -6.686282E-01   
-7.217378E-01   -6.676620E-01   
-7.221870E-01   -6.666967E-01   
-7.226324E-01   -6.657324E-01   
-7.230740E-01   -6.647692E-01   
-7.235119E-01   -6.638069E-01   
-7.239462E-01   -6.628457E-01   
-7.243767E-01   -6.618855E-01   
-7.248036E-01   -6.609264E-01   
-7.252269E-01   -6.599684E-01   
-7.256466E-01   -6.590116E-01   
-7.260627E-01   -6.580559E-01   
-7.264752E-01   -6.571013E-01   
-7.268842E-01   -6.561480E-01   
-7.272896E-01   -6.551959E-01   
-7.276916E-01   -6.542450E-01   
-7.280901E-01   -6.532953E-01   
-7.284851E-01   -6.523470E-01   
-7.288767E-01   -6.513999E-01   
-7.292649E-01   -6.504541E-01   
-7.296497E-01   -6.495097E-01   
-7.300312E-01   -6.485667E-01   
-7.304093E-01   -6.476250E-01   
-7.307841E-01   -6.466847E-01   
-7.311556E-01   -6.457458E-01   
-7.315238E-01   -6.448083E-01   
-7.318888E-01   -6.438723E-01   
-7.322505E-01   -6.429377E-01   
-7.326091E-01   -6.420046E-01   
-7.329644E-01   -6.410730E-01   
-7.333166E-01   -6.401430E-01   
-7.336657E-01   -6.392144E-01   
-7.340116E-01   -6.382875E-01   
-7.343545E-01   -6.373620E-01   
-7.346943E-01   -6.364382E-01   
-7.350310E-01   -6.355160E-01   
-7.353648E-01   -6.345953E-01   
-7.356955E-01   -6.336763E-01   
-7.360232E-01   -6.327590E-01   
-7.363480E-01   -6.318433E-01   
-7.366699E-01   -6.309292E-01   
-7.369888E-01   -6.300169E-01   
-7.373049E-01   -6.291063E-01   
-7.376181E-01   -6.281973E-01   
-7.379285E-01   -6.272901E-01   
-7.382360E-01   -6.263847E-01   
-7.385408E-01   -6.254810E-01   
-7.388428E-01   -6.245791E-01   
-7.391420E-01   -6.236789E-01   
-7.394385E-01   -6.227806E-01   
-7.397323E-01   -6.218840E-01   
-7.400234E-01   -6.209893E-01   
-7.403119E-01   -6.200964E-01   
-7.405977E-01   -6.192054E-01   
-7.408809E-01   -6.183162E-01   
-7.411616E-01   -6.174289E-01   
-7.414396E-01   -6.165434E-01   
-7.417151E-01   -6.156598E-01   
-7.419881E-01   -6.147782E-01   
-7.422586E-01   -6.138984E-01   
-7.425266E-01   -6.130206E-01   
-7.427922E-01   -6.121447E-01   
-7.430554E-01   -6.112707E-01   
-7.433161E-01   -6.103987E-01   
-7.435744E-01   -6.095286E-01   
-7.438304E-01   -6.086605E-01   
-7.440841E-01   -6.077944E-01   
-7.443354E-01   -6.069303E-01   
-7.445844E-01   -6.060681E-01   
-7.448312E-01   -6.052080E-01   
-7.450757E-01   -6.043499E-01   
-7.453180E-01   -6.034938E-01   
-7.455581E-01   -6.026397E-01   
-7.457960E-01   -6.017876E-01   
-7.460317E-01   -6.009376E-01   
-7.462653E-01   -6.000896E-01   
-7.464968E-01   -5.992437E-01   
-7.467262E-01   -5.983999E-01   
-7.469535E-01   -5.975581E-01   
-7.471787E-01   -5.967184E-01   
-7.474020E-01   -5.958808E-01   
-7.476232E-01   -5.950452E-01   
-7.478425E-01   -5.942118E-01   
-7.480598E-01   -5.933804E-01   
-7.482751E-01   -5.925512E-01   
-7.484886E-01   -5.917240E-01   
-7.487001E-01   -5.908990E-01   
-7.489098E-01   -5.900761E-01   
-7.491176E-01   -5.892553E-01   
-7.493236E-01   -5.884366E-01   
-7.495278E-01   -5.876201E-01   
-7.497302E-01   -5.868057E-01   
-7.499308E-01   -5.859934E-01   
-7.501297E-01   -5.851833E-01   
-7.503268E-01   -5.843753E-01   
-7.505223E-01   -5.835695E-01   
-7.507161E-01   -5.827659E-01   
-7.509082E-01   -5.819643E-01   
-7.510987E-01   -5.811650E-01   
-7.512876E-01   -5.803678E-01   
-7.514749E-01   -5.795728E-01   
-7.516606E-01   -5.787799E-01   
-7.518447E-01   -5.779892E-01   
-7.520273E-01   -5.772007E-01   
-7.522085E-01   -5.764144E-01   
-7.523881E-01   -5.756302E-01   
-7.525662E-01   -5.748482E-01   
-7.527429E-01   -5.740684E-01   
-7.529182E-01   -5.732908E-01   
-7.530921E-01   -5.725153E-01   
-7.532646E-01   -5.717421E-01   
-7.534357E-01   -5.709710E-01   
-7.536055E-01   -5.702021E-01   
-7.537739E-01   -5.694354E-01   
-7.539410E-01   -5.686708E-01   
-7.541069E-01   -5.679085E-01   
-7.542715E-01   -5.671483E-01   
-7.544348E-01   -5.663903E-01   
-7.545969E-01   -5.656346E-01   
-7.547578E-01   -5.648809E-01   
-7.549176E-01   -5.641295E-01   
-7.550761E-01   -5.633803E-01   
-7.552335E-01   -5.626332E-01   
-7.553898E-01   -5.618883E-01   
-7.555450E-01   -5.611456E-01   
-7.556991E-01   -5.604051E-01   
-7.558521E-01   -5.596668E-01   
-7.560040E-01   -5.589306E-01   
-7.561550E-01   -5.581967E-01   
-7.563049E-01   -5.574648E-01   
-7.564538E-01   -5.567352E-01   
-7.566017E-01   -5.560077E-01   
-7.567487E-01   -5.552825E-01   
-7.568948E-01   -5.545593E-01   
-7.570399E-01   -5.538384E-01   
-7.571842E-01   -5.531196E-01   
-7.573275E-01   -5.524029E-01   
-7.574700E-01   -5.516884E-01   
-7.576116E-01   -5.509761E-01   
-7.577525E-01   -5.502659E-01   
-7.578925E-01   -5.495579E-01   
-7.580317E-01   -5.488521E-01   
-7.581701E-01   -5.481483E-01   
-7.583078E-01   -5.474467E-01   
-7.584447E-01   -5.467473E-01   
-7.585810E-01   -5.460500E-01   
-7.587165E-01   -5.453548E-01   
-7.588513E-01   -5.446617E-01   
-7.589855E-01   -5.439708E-01   
-7.591190E-01   -5.432819E-01   
-7.592519E-01   -5.425952E-01   
-7.593841E-01   -5.419106E-01   
-7.595158E-01   -5.412282E-01   
-7.596469E-01   -5.405478E-01   
-7.597774E-01   -5.398695E-01   
-7.599073E-01   -5.391933E-01   
-7.600367E-01   -5.385192E-01   
-7.601656E-01   -5.378472E-01   
-7.602940E-01   -5.371773E-01   
-7.604220E-01   -5.365095E-01   
-7.605494E-01   -5.358437E-01   
-7.606764E-01   -5.351800E-01   
-7.608029E-01   -5.345183E-01   
-7.609291E-01   -5.338588E-01   
-7.610548E-01   -5.332012E-01   
-7.611801E-01   -5.325457E-01   
-7.613051E-01   -5.318923E-01   
-7.614297E-01   -5.312409E-01   
-7.615540E-01   -5.305915E-01   
-7.616779E-01   -5.299442E-01   
-7.618015E-01   -5.292989E-01   
-7.619248E-01   -5.286556E-01   
-7.620478E-01   -5.280143E-01   
-7.621706E-01   -5.273750E-01   
-7.622931E-01   -5.267377E-01   
-7.624154E-01   -5.261025E-01   
-7.625374E-01   -5.254692E-01   
-7.626592E-01   -5.248378E-01   
-7.627809E-01   -5.242085E-01   
-7.629023E-01   -5.235811E-01   
-7.630236E-01   -5.229557E-01   
-7.631447E-01   -5.223323E-01   
-7.632657E-01   -5.217108E-01   
-7.633865E-01   -5.210913E-01   
-7.635072E-01   -5.204737E-01   
-7.636279E-01   -5.198580E-01   
-7.637484E-01   -5.192443E-01   
-7.638689E-01   -5.186324E-01   
-7.639893E-01   -5.180225E-01   
-7.641097E-01   -5.174145E-01   
-7.642300E-01   -5.168084E-01   
-7.643503E-01   -5.162043E-01   
-7.644706E-01   -5.156019E-01   
-7.645909E-01   -5.150015E-01   
-7.647112E-01   -5.144030E-01   
-7.648315E-01   -5.138063E-01   
-7.649519E-01   -5.132115E-01   
-7.650723E-01   -5.126185E-01   
-7.651928E-01   -5.120274E-01   
-7.653134E-01   -5.114382E-01   
-7.654341E-01   -5.108507E-01   
-7.655548E-01   -5.102651E-01   
-7.656757E-01   -5.096814E-01   
-7.657967E-01   -5.090994E-01   
-7.659178E-01   -5.085192E-01   
-7.660391E-01   -5.079409E-01   
-7.661605E-01   -5.073643E-01   
-7.662821E-01   -5.067896E-01   
-7.664039E-01   -5.062166E-01   
-7.665259E-01   -5.056453E-01   
-7.666481E-01   -5.050759E-01   
-7.667704E-01   -5.045082E-01   
-7.668931E-01   -5.039423E-01   
-7.670159E-01   -5.033781E-01   
-7.671390E-01   -5.028156E-01   
-7.672623E-01   -5.022549E-01   
-7.673859E-01   -5.016959E-01   
-7.675098E-01   -5.011386E-01   
-7.676339E-01   -5.005830E-01   
-7.677584E-01   -5.000292E-01   
-7.678831E-01   -4.994770E-01   
-7.680082E-01   -4.989265E-01   
-7.681336E-01   -4.983777E-01   
-7.682593E-01   -4.978305E-01   
-7.683854E-01   -4.972851E-01   
-7.685118E-01   -4.967412E-01   
-7.686385E-01   -4.961991E-01   
-7.687657E-01   -4.956586E-01   
-7.688932E-01   -4.951197E-01   
-7.690211E-01   -4.945824E-01   
-7.691494E-01   -4.940468E-01   
-7.692781E-01   -4.935128E-01   
-7.694072E-01   -4.929804E-01   
-7.695367E-01   -4.924495E-01   
-7.696666E-01   -4.919203E-01   
-7.697970E-01   -4.913927E-01   
-7.699279E-01   -4.908666E-01   
-7.700591E-01   -4.903422E-01   
-7.701909E-01   -4.898192E-01   
-7.703231E-01   -4.892979E-01   
-7.704558E-01   -4.887780E-01   
-7.705890E-01   -4.882598E-01   
-7.707226E-01   -4.877430E-01   
-7.708568E-01   -4.872278E-01   
-7.709914E-01   -4.867141E-01   
-7.711266E-01   -4.862019E-01   
-7.712623E-01   -4.856913E-01   
-7.713985E-01   -4.851821E-01   
-7.715353E-01   -4.846744E-01   
-7.716726E-01   -4.841682E-01   
-7.718104E-01   -4.836635E-01   
-7.719488E-01   -4.831602E-01   
-7.720878E-01   -4.826584E-01   
-7.722273E-01   -4.821581E-01   
-7.723674E-01   -4.816592E-01   
-7.725080E-01   -4.811617E-01   
-7.726493E-01   -4.806657E-01   
-7.727911E-01   -4.801711E-01   
-7.729335E-01   -4.796779E-01   
-7.730766E-01   -4.791861E-01   
-7.732202E-01   -4.786958E-01   
-7.733645E-01   -4.782068E-01   
-7.735093E-01   -4.777192E-01   
-7.736548E-01   -4.772331E-01   
-7.738010E-01   -4.767482E-01   
-7.739477E-01   -4.762648E-01   
-7.740951E-01   -4.757827E-01   
-7.742432E-01   -4.753020E-01   
-7.743918E-01   -4.748226E-01   
-7.745412E-01   -4.743446E-01   
-7.746912E-01   -4.738679E-01   
-7.748418E-01   -4.733925E-01   
-7.749932E-01   -4.729184E-01   
-7.751452E-01   -4.724457E-01   
-7.752979E-01   -4.719742E-01   
-7.754512E-01   -4.715041E-01   
-7.756052E-01   -4.710353E-01   
-7.757600E-01   -4.705677E-01   
-7.759154E-01   -4.701014E-01   
-7.760715E-01   -4.696364E-01   
-7.762283E-01   -4.691727E-01   
-7.763859E-01   -4.687102E-01   
-7.765441E-01   -4.682490E-01   
-7.767030E-01   -4.677890E-01   
-7.768627E-01   -4.673303E-01   
-7.770231E-01   -4.668728E-01   
-7.771842E-01   -4.664165E-01   
-7.773460E-01   -4.659615E-01   
-7.775085E-01   -4.655076E-01   
-7.776718E-01   -4.650550E-01   
-7.778358E-01   -4.646036E-01   
-7.780005E-01   -4.641533E-01   
-7.781660E-01   -4.637043E-01   
-7.783323E-01   -4.632564E-01   
-7.784992E-01   -4.628097E-01   
-7.786669E-01   -4.623642E-01   
-7.788354E-01   -4.619199E-01   
-7.790046E-01   -4.614767E-01   
-7.791746E-01   -4.610346E-01   
-7.793453E-01   -4.605937E-01   
-7.795168E-01   -4.601540E-01   
-7.796891E-01   -4.597153E-01   
-7.798621E-01   -4.592778E-01   
-7.800358E-01   -4.588414E-01   
-7.802104E-01   -4.584062E-01   
-7.803857E-01   -4.579720E-01   
-7.805617E-01   -4.575389E-01   
-7.807386E-01   -4.571070E-01   
-7.809162E-01   -4.566761E-01   
-7.810946E-01   -4.562463E-01   
-7.812738E-01   -4.558176E-01   
