-9.166358E-04    9.166358E-04   
-9.176851E-04    9.176851E-04   
-9.187287E-04    9.187287E-04   
-9.197665E-04    9.197665E-04   
-9.207985E-04    9.207985E-04   
-9.218247E-04    9.218247E-04   
-9.228451E-04    9.228451E-04   
-9.238597E-04    9.238597E-04   
-9.248685E-04    9.248685E-04   
-9.258714E-04    9.258714E-04   
-9.268685E-04    9.268685E-04   
-9.278598E-04    9.278598E-04   
-9.288452E-04    9.288452E-04   
-9.298247E-04    9.298247E-04   
-9.307984E-04    9.307984E-04   
-9.317662E-04    9.317662E-04   
-9.327282E-04    9.327282E-04   
-9.336842E-04    9.336842E-04   
-9.346343E-04    9.346343E-04   
-9.355786E-04    9.355786E-04   
-9.365169E-04    9.365169E-04   
-9.374493E-04    9.374493E-04   
-9.383758E-04    9.383758E-04   
-9.392964E-04    9.392964E-04   
-9.402110E-04    9.402110E-04   
-9.411197E-04    9.411197E-04   
-9.420224E-04    9.420224E-04   
-9.429192E-04    9.429192E-04   
-9.438100E-04    9.438100E-04   
-9.446948E-04    9.446948E-04   
-9.455736E-04    9.455736E-04   
-9.464465E-04    9.464465E-04   
-9.473133E-04    9.473133E-04   
-9.481741E-04    9.481741E-04   
-9.490290E-04    9.490290E-04   
-9.498778E-04    9.498778E-04   
-9.507205E-04    9.507205E-04   
-9.515573E-04    9.515573E-04   
-9.523880E-04    9.523880E-04   
-9.532126E-04    9.532126E-04   
-9.540312E-04    9.540312E-04   
-9.548437E-04    9.548437E-04   
-9.556502E-04    9.556502E-04   
-9.564506E-04    9.564506E-04   
-9.572448E-04    9.572448E-04   
-9.580330E-04    9.580330E-04   
-9.588151E-04    9.588151E-04   
-9.595911E-04    9.595911E-04   
-9.603610E-04    9.603610E-04   
-9.611247E-04    9.611247E-04   
-9.618823E-04    9.618823E-04   
-9.626338E-04    9.626338E-04   
-9.633791E-04    9.633791E-04   
-9.641183E-04    9.641183E-04   
-9.648513E-04    9.648513E-04   
-9.655781E-04    9.655781E-04   
-9.662988E-04    9.662988E-04   
-9.670133E-04    9.670133E-04   
-9.677215E-04    9.677215E-04   
-9.684236E-04    9.684236E-04   
-9.691195E-04    9.691195E-04   
-9.698092E-04    9.698092E-04   
-9.704926E-04    9.704926E-04   
-9.711698E-04    9.711698E-04   
-9.718408E-04    9.718408E-04   
-9.725056E-04    9.725056E-04   
-9.731640E-04    9.731640E-04   
-9.738163E-04    9.738163E-04   
-9.744622E-04    9.744622E-04   
-9.751019E-04    9.751019E-04   
-9.757353E-04    9.757353E-04   
-9.763624E-04    9.763624E-04   
-9.769832E-04    9.769832E-04   
-9.775977E-04    9.775977E-04   
-9.782059E-04    9.782059E-04   
-9.788077E-04    9.788077E-04   
-9.794033E-04    9.794033E-04   
-9.799925E-04    9.799925E-04   
-9.805753E-04    9.805753E-04   
-9.811518E-04    9.811518E-04   
-9.817219E-04    9.817219E-04   
-9.822857E-04    9.822857E-04   
-9.828430E-04    9.828430E-04   
-9.833940E-04    9.833940E-04   
-9.839386E-04    9.839386E-04   
-9.844768E-04    9.844768E-04   
-9.850086E-04    9.850086E-04   
-9.855339E-04    9.855339E-04   
-9.860529E-04    9.860529E-04   
-9.865653E-04    9.865653E-04   
-9.870714E-04    9.870714E-04   
-9.875710E-04    9.875710E-04   
-9.880641E-04    9.880641E-04   
-9.885508E-04    9.885508E-04   
-9.890309E-04    9.890309E-04   
-9.895046E-04    9.895046E-04   
-9.899718E-04    9.899718E-04   
-9.904325E-04    9.904325E-04   
-9.908867E-04    9.908867E-04   
-9.913343E-04    9.913343E-04   
-9.917754E-04    9.917754E-04   
-9.922100E-04    9.922100E-04   
-9.926380E-04    9.926380E-04   
-9.930595E-04    9.930595E-04   
-9.934743E-04    9.934743E-04   
-9.938827E-04    9.938827E-04   
-9.942844E-04    9.942844E-04   
-9.946795E-04    9.946795E-04   
-9.950680E-04    9.950680E-04   
-9.954499E-04    9.954499E-04   
-9.958252E-04    9.958252E-04   
-9.961938E-04    9.961938E-04   
-9.965558E-04    9.965558E-04   
-9.969112E-04    9.969112E-04   
-9.972598E-04    9.972598E-04   
-9.976019E-04    9.976019E-04   
-9.979372E-04    9.979372E-04   
-9.982658E-04    9.982658E-04   
-9.985877E-04    9.985877E-04   
-9.989029E-04    9.989029E-04   
-9.992114E-04    9.992114E-04   
-9.995131E-04    9.995131E-04   
-9.998081E-04    9.998081E-04   
-1.000096E-03    1.000096E-03   
-1.000378E-03    1.000378E-03   
-1.000653E-03    1.000653E-03   
-1.000920E-03    1.000920E-03   
-1.001182E-03    1.001182E-03   
-1.001436E-03    1.001436E-03   
-1.001683E-03    1.001683E-03   
-1.001924E-03    1.001924E-03   
-1.002158E-03    1.002158E-03   
-1.002385E-03    1.002385E-03   
-1.002605E-03    1.002605E-03   
-1.002818E-03    1.002818E-03   
-1.003024E-03    1.003024E-03   
-1.003224E-03    1.003224E-03   
-1.003416E-03    1.003416E-03   
-1.003602E-03    1.003602E-03   
-1.003780E-03    1.003780E-03   
-1.003952E-03    1.003952E-03   
-1.004117E-03    1.004117E-03   
-1.004275E-03    1.004275E-03   
-1.004425E-03    1.004425E-03   
-1.004569E-03    1.004569E-03   
-1.004706E-03    1.004706E-03   
-1.004836E-03    1.004836E-03   
-1.004958E-03    1.004958E-03   
-1.005074E-03    1.005074E-03   
-1.005182E-03    1.005182E-03   
-1.005284E-03    1.005284E-03   
-1.005378E-03    1.005378E-03   
-1.005466E-03    1.005466E-03   
-1.005546E-03    1.005546E-03   
-1.005619E-03    1.005619E-03   
-1.005685E-03    1.005685E-03   
-1.005743E-03    1.005743E-03   
-1.005795E-03    1.005795E-03   
-1.005839E-03    1.005839E-03   
-1.005876E-03    1.005876E-03   
-1.005906E-03    1.005906E-03   
-1.005929E-03    1.005929E-03   
-1.005945E-03    1.005945E-03   
-1.005953E-03    1.005953E-03   
-1.005954E-03    1.005954E-03   
-1.005947E-03    1.005947E-03   
-1.005933E-03    1.005933E-03   
-1.005912E-03    1.005912E-03   
-1.005884E-03    1.005884E-03   
-1.005848E-03    1.005848E-03   
-1.005805E-03    1.005805E-03   
-1.005754E-03    1.005754E-03   
-1.005696E-03    1.005696E-03   
-1.005631E-03    1.005631E-03   
-1.005558E-03    1.005558E-03   
-1.005478E-03    1.005478E-03   
-1.005390E-03    1.005390E-03   
-1.005295E-03    1.005295E-03   
-1.005192E-03    1.005192E-03   
-1.005082E-03    1.005082E-03   
-1.004964E-03    1.004964E-03   
-1.004838E-03    1.004838E-03   
-1.004705E-03    1.004705E-03   
-1.004564E-03    1.004564E-03   
-1.004416E-03    1.004416E-03   
-1.004260E-03    1.004260E-03   
-1.004096E-03    1.004096E-03   
-1.003925E-03    1.003925E-03   
-1.003746E-03    1.003746E-03   
-1.003559E-03    1.003559E-03   
-1.003364E-03    1.003364E-03   
-1.003162E-03    1.003162E-03   
-1.002951E-03    1.002951E-03   
-1.002733E-03    1.002733E-03   
-1.002507E-03    1.002507E-03   
-1.002274E-03    1.002274E-03   
-1.002032E-03    1.002032E-03   
-1.001782E-03    1.001782E-03   
-1.001525E-03    1.001525E-03   
-1.001259E-03    1.001259E-03   
-1.000986E-03    1.000986E-03   
-1.000704E-03    1.000704E-03   
-1.000415E-03    1.000415E-03   
-1.000117E-03    1.000117E-03   
-9.998115E-04    9.998115E-04   
-9.994977E-04    9.994977E-04   
-9.991757E-04    9.991757E-04   
-9.988456E-04    9.988456E-04   
-9.985073E-04    9.985073E-04   
-9.981607E-04    9.981607E-04   
-9.978059E-04    9.978059E-04   
-9.974428E-04    9.974428E-04   
-9.970715E-04    9.970715E-04   
-9.966917E-04    9.966917E-04   
-9.963036E-04    9.963036E-04   
-9.959072E-04    9.959072E-04   
-9.955023E-04    9.955023E-04   
-9.950889E-04    9.950889E-04   
-9.946670E-04    9.946670E-04   
-9.942367E-04    9.942367E-04   
-9.937978E-04    9.937978E-04   
-9.933503E-04    9.933503E-04   
-9.928942E-04    9.928942E-04   
-9.924294E-04    9.924294E-04   
-9.919560E-04    9.919560E-04   
-9.914738E-04    9.914738E-04   
-9.909829E-04    9.909829E-04   
-9.904833E-04    9.904833E-04   
-9.899748E-04    9.899748E-04   
-9.894574E-04    9.894574E-04   
-9.889312E-04    9.889312E-04   
-9.883960E-04    9.883960E-04   
-9.878519E-04    9.878519E-04   
-9.872988E-04    9.872988E-04   
-9.867366E-04    9.867366E-04   
-9.861654E-04    9.861654E-04   
-9.855850E-04    9.855850E-04   
-9.849955E-04    9.849955E-04   
-9.843967E-04    9.843967E-04   
-9.837888E-04    9.837888E-04   
-9.831715E-04    9.831715E-04   
-9.825449E-04    9.825449E-04   
-9.819090E-04    9.819090E-04   
-9.812637E-04    9.812637E-04   
-9.806088E-04    9.806088E-04   
-9.799445E-04    9.799445E-04   
-9.792707E-04    9.792707E-04   
-9.785872E-04    9.785872E-04   
-9.778941E-04    9.778941E-04   
-9.771914E-04    9.771914E-04   
-9.764788E-04    9.764788E-04   
-9.757566E-04    9.757566E-04   
-9.750244E-04    9.750244E-04   
-9.742824E-04    9.742824E-04   
-9.735304E-04    9.735304E-04   
-9.727685E-04    9.727685E-04   
-9.719965E-04    9.719965E-04   
-9.712144E-04    9.712144E-04   
-9.704222E-04    9.704222E-04   
-9.696198E-04    9.696198E-04   
-9.688071E-04    9.688071E-04   
-9.679840E-04    9.679840E-04   
-9.671506E-04    9.671506E-04   
-9.663068E-04    9.663068E-04   
-9.654525E-04    9.654525E-04   
-9.645876E-04    9.645876E-04   
-9.637121E-04    9.637121E-04   
-9.628260E-04    9.628260E-04   
-9.619290E-04    9.619290E-04   
-9.610213E-04    9.610213E-04   
-9.601027E-04    9.601027E-04   
-9.591732E-04    9.591732E-04   
-9.582327E-04    9.582327E-04   
-9.572810E-04    9.572810E-04   
-9.563183E-04    9.563183E-04   
-9.553443E-04    9.553443E-04   
-9.543591E-04    9.543591E-04   
-9.533625E-04    9.533625E-04   
-9.523544E-04    9.523544E-04   
-9.513349E-04    9.513349E-04   
-9.503037E-04    9.503037E-04   
-9.492610E-04    9.492610E-04   
-9.482064E-04    9.482064E-04   
-9.471401E-04    9.471401E-04   
-9.460618E-04    9.460618E-04   
-9.449716E-04    9.449716E-04   
-9.438693E-04    9.438693E-04   
-9.427549E-04    9.427549E-04   
-9.416282E-04    9.416282E-04   
-9.404892E-04    9.404892E-04   
-9.393378E-04    9.393378E-04   
-9.381738E-04    9.381738E-04   
-9.369973E-04    9.369973E-04   
-9.358081E-04    9.358081E-04   
-9.346061E-04    9.346061E-04   
-9.333913E-04    9.333913E-04   
-9.321634E-04    9.321634E-04   
-9.309225E-04    9.309225E-04   
-9.296684E-04    9.296684E-04   
-9.284010E-04    9.284010E-04   
-9.271202E-04    9.271202E-04   
-9.258259E-04    9.258259E-04   
-9.245181E-04    9.245181E-04   
-9.231965E-04    9.231965E-04   
-9.218611E-04    9.218611E-04   
-9.205117E-04    9.205117E-04   
-9.191483E-04    9.191483E-04   
-9.177708E-04    9.177708E-04   
-9.163789E-04    9.163789E-04   
-9.149727E-04    9.149727E-04   
-9.135519E-04    9.135519E-04   
-9.121165E-04    9.121165E-04   
-9.106662E-04    9.106662E-04   
-9.092011E-04    9.092011E-04   
-9.077209E-04    9.077209E-04   
-9.062256E-04    9.062256E-04   
-9.047149E-04    9.047149E-04   
-9.031888E-04    9.031888E-04   
-9.016471E-04    9.016471E-04   
-9.000896E-04    9.000896E-04   
-8.985163E-04    8.985163E-04   
-8.969270E-04    8.969270E-04   
-8.953214E-04    8.953214E-04   
-8.936996E-04    8.936996E-04   
-8.920612E-04    8.920612E-04   
-8.904063E-04    8.904063E-04   
-8.887345E-04    8.887345E-04   
-8.870457E-04    8.870457E-04   
-8.853399E-04    8.853399E-04   
-8.836167E-04    8.836167E-04   
-8.818760E-04    8.818760E-04   
-8.801177E-04    8.801177E-04   
-8.783416E-04    8.783416E-04   
-8.765475E-04    8.765475E-04   
-8.747352E-04    8.747352E-04   
-8.729045E-04    8.729045E-04   
-8.710552E-04    8.710552E-04   
-8.691872E-04    8.691872E-04   
-8.673002E-04    8.673002E-04   
-8.653941E-04    8.653941E-04   
-8.634686E-04    8.634686E-04   
-8.615236E-04    8.615236E-04   
-8.595587E-04    8.595587E-04   
-8.575739E-04    8.575739E-04   
-8.555688E-04    8.555688E-04   
-8.535434E-04    8.535434E-04   
-8.514972E-04    8.514972E-04   
-8.494302E-04    8.494302E-04   
-8.473420E-04    8.473420E-04   
-8.452325E-04    8.452325E-04   
-8.431014E-04    8.431014E-04   
-8.409484E-04    8.409484E-04   
-8.387733E-04    8.387733E-04   
-8.365758E-04    8.365758E-04   
-8.343558E-04    8.343558E-04   
-8.321128E-04    8.321128E-04   
-8.298467E-04    8.298467E-04   
-8.275572E-04    8.275572E-04   
-8.252439E-04    8.252439E-04   
-8.229066E-04    8.229066E-04   
-8.205451E-04    8.205451E-04   
-8.181590E-04    8.181590E-04   
-8.157480E-04    8.157480E-04   
-8.133118E-04    8.133118E-04   
-8.108501E-04    8.108501E-04   
-8.083626E-04    8.083626E-04   
-8.058490E-04    8.058490E-04   
-8.033089E-04    8.033089E-04   
-8.007420E-04    8.007420E-04   
-7.981479E-04    7.981479E-04   
-7.955264E-04    7.955264E-04   
-7.928770E-04    7.928770E-04   
-7.901994E-04    7.901994E-04   
-7.874932E-04    7.874932E-04   
-7.847581E-04    7.847581E-04   
-7.819937E-04    7.819937E-04   
-7.791996E-04    7.791996E-04   
-7.763753E-04    7.763753E-04   
-7.735206E-04    7.735206E-04   
-7.706349E-04    7.706349E-04   
-7.677179E-04    7.677179E-04   
-7.647691E-04    7.647691E-04   
-7.617881E-04    7.617881E-04   
-7.587745E-04    7.587745E-04   
-7.557278E-04    7.557278E-04   
-7.526476E-04    7.526476E-04   
-7.495334E-04    7.495334E-04   
-7.463846E-04    7.463846E-04   
-7.432009E-04    7.432009E-04   
-7.399818E-04    7.399818E-04   
-7.367267E-04    7.367267E-04   
-7.334350E-04    7.334350E-04   
-7.301064E-04    7.301064E-04   
-7.267403E-04    7.267403E-04   
-7.233361E-04    7.233361E-04   
-7.198933E-04    7.198933E-04   
-7.164112E-04    7.164112E-04   
-7.128894E-04    7.128894E-04   
-7.093273E-04    7.093273E-04   
-7.057242E-04    7.057242E-04   
-7.020795E-04    7.020795E-04   
-6.983927E-04    6.983927E-04   
-6.946631E-04    6.946631E-04   
-6.908900E-04    6.908900E-04   
-6.870728E-04    6.870728E-04   
-6.832108E-04    6.832108E-04   
-6.793034E-04    6.793034E-04   
-6.753498E-04    6.753498E-04   
-6.713493E-04    6.713493E-04   
-6.673013E-04    6.673013E-04   
-6.632049E-04    6.632049E-04   
-6.590595E-04    6.590595E-04   
-6.548642E-04    6.548642E-04   
-6.506183E-04    6.506183E-04   
-6.463210E-04    6.463210E-04   
-6.419714E-04    6.419714E-04   
-6.375688E-04    6.375688E-04   
-6.331122E-04    6.331122E-04   
-6.286009E-04    6.286009E-04   
-6.240340E-04    6.240340E-04   
-6.194105E-04    6.194105E-04   
-6.147296E-04    6.147296E-04   
-6.099902E-04    6.099902E-04   
-6.051916E-04    6.051916E-04   
-6.003326E-04    6.003326E-04   
-5.954123E-04    5.954123E-04   
-5.904297E-04    5.904297E-04   
-5.853838E-04    5.853838E-04   
-5.802735E-04    5.802735E-04   
-5.750978E-04    5.750978E-04   
-5.698555E-04    5.698555E-04   
-5.645455E-04    5.645455E-04   
-5.591668E-04    5.591668E-04   
-5.537181E-04    5.537181E-04   
-5.481982E-04    5.481982E-04   
-5.426060E-04    5.426060E-04   
-5.369403E-04    5.369403E-04   
-5.311997E-04    5.311997E-04   
-5.253831E-04    5.253831E-04   
-5.194890E-04    5.194890E-04   
-5.135161E-04    5.135161E-04   
-5.074632E-04    5.074632E-04   
-5.013288E-04    5.013288E-04   
-4.951115E-04    4.951115E-04   
-4.888098E-04    4.888098E-04   
-4.824223E-04    4.824223E-04   
-4.759475E-04    4.759475E-04   
-4.693839E-04    4.693839E-04   
-4.627298E-04    4.627298E-04   
-4.559837E-04    4.559837E-04   
-4.491440E-04    4.491440E-04   
-4.422089E-04    4.422089E-04   
-4.351769E-04    4.351769E-04   
-4.280462E-04    4.280462E-04   
-4.208150E-04    4.208150E-04   
-4.134814E-04    4.134814E-04   
-4.060438E-04    4.060438E-04   
-3.985002E-04    3.985002E-04   
-3.908487E-04    3.908487E-04   
-3.830873E-04    3.830873E-04   
-3.752140E-04    3.752140E-04   
-3.672269E-04    3.672269E-04   
-3.591239E-04    3.591239E-04   
-3.509028E-04    3.509028E-04   
-3.425615E-04    3.425615E-04   
-3.340978E-04    3.340978E-04   
-3.255094E-04    3.255094E-04   
-3.167941E-04    3.167941E-04   
-3.079496E-04    3.079496E-04   
-2.989734E-04    2.989734E-04   
-2.898631E-04    2.898631E-04   
-2.806162E-04    2.806162E-04   
-2.712303E-04    2.712303E-04   
-2.617027E-04    2.617027E-04   
-2.520308E-04    2.520308E-04   
-2.422120E-04    2.422120E-04   
-2.322434E-04    2.322434E-04   
-2.221224E-04    2.221224E-04   
-2.118461E-04    2.118461E-04   
-2.014115E-04    2.014115E-04   
-1.908157E-04    1.908157E-04   
-1.800557E-04    1.800557E-04   
-1.691285E-04    1.691285E-04   
-1.580308E-04    1.580308E-04   
-1.467596E-04    1.467596E-04   
-1.353115E-04    1.353115E-04   
-1.236832E-04    1.236832E-04   
-1.118714E-04    1.118714E-04   
-9.987256E-05    9.987256E-05   
-8.768321E-05    8.768321E-05   
-7.529976E-05    7.529976E-05   
-6.271856E-05    6.271856E-05   
-4.993589E-05    4.993589E-05   
-3.694798E-05    3.694798E-05   
-2.375095E-05    2.375095E-05   
-1.034089E-05    1.034089E-05   
 3.286216E-06   -3.286216E-06   
 1.713444E-05   -1.713444E-05   
 3.120792E-05   -3.120792E-05   
 4.551090E-05   -4.551090E-05   
 6.004767E-05   -6.004767E-05   
 7.482260E-05   -7.482260E-05   
 8.984017E-05   -8.984017E-05   
 1.051049E-04   -1.051049E-04   
 1.206214E-04   -1.206214E-04   
 1.363943E-04   -1.363943E-04   
 1.524285E-04   -1.524285E-04   
 1.687288E-04   -1.687288E-04   
 1.853001E-04   -1.853001E-04   
 2.021475E-04   -2.021475E-04   
 2.192760E-04   -2.192760E-04   
 2.366908E-04   -2.366908E-04   
 2.543972E-04   -2.543972E-04   
 2.724005E-04   -2.724005E-04   
 2.907062E-04   -2.907062E-04   
 3.093198E-04   -3.093198E-04   
 3.282469E-04   -3.282469E-04   
 3.474931E-04   -3.474931E-04   
 3.670642E-04   -3.670642E-04   
 3.869662E-04   -3.869662E-04   
 4.072048E-04   -4.072048E-04   
 4.277861E-04   -4.277861E-04   
 4.487161E-04   -4.487161E-04   
 4.700012E-04   -4.700012E-04   
 4.916474E-04   -4.916474E-04   
 5.136611E-04   -5.136611E-04   
 5.360488E-04   -5.360488E-04   
 5.588168E-04   -5.588168E-04   
 5.819718E-04   -5.819718E-04   
 6.055203E-04   -6.055203E-04   
 6.294690E-04   -6.294690E-04   
 6.538247E-04   -6.538247E-04   
 6.785942E-04   -6.785942E-04   
 7.037842E-04   -7.037842E-04   
 7.294019E-04   -7.294019E-04   
 7.554540E-04   -7.554540E-04   
 7.819477E-04   -7.819477E-04   
 8.088900E-04   -8.088900E-04   
 8.362880E-04   -8.362880E-04   
 8.641489E-04   -8.641489E-04   
 8.924798E-04   -8.924798E-04   
 9.212879E-04   -9.212879E-04   
 9.505805E-04   -9.505805E-04   
 9.803647E-04   -9.803647E-04   
 1.010648E-03   -1.010648E-03   
 1.041437E-03   -1.041437E-03   
 1.072740E-03   -1.072740E-03   
 1.104563E-03   -1.104563E-03   
 1.136913E-03   -1.136913E-03   
 1.169799E-03   -1.169799E-03   
 1.203227E-03   -1.203227E-03   
 1.237203E-03   -1.237203E-03   
 1.271736E-03   -1.271736E-03   
 1.306831E-03   -1.306831E-03   
 1.342496E-03   -1.342496E-03   
 1.378737E-03   -1.378737E-03   
 1.415561E-03   -1.415561E-03   
 1.452974E-03   -1.452974E-03   
 1.490983E-03   -1.490983E-03   
 1.529593E-03   -1.529593E-03   
 1.568812E-03   -1.568812E-03   
 1.608644E-03   -1.608644E-03   
 1.649094E-03   -1.649094E-03   
 1.690170E-03   -1.690170E-03   
 1.731874E-03   -1.731874E-03   
 1.774213E-03   -1.774213E-03   
 1.817190E-03   -1.817190E-03   
 1.860811E-03   -1.860811E-03   
 1.905078E-03   -1.905078E-03   
 1.949996E-03   -1.949996E-03   
 1.995567E-03   -1.995567E-03   
 2.041794E-03   -2.041794E-03   
 2.088679E-03   -2.088679E-03   
 2.136225E-03   -2.136225E-03   
 2.184433E-03   -2.184433E-03   
 2.233303E-03   -2.233303E-03   
 2.282836E-03   -2.282836E-03   
 2.333031E-03   -2.333031E-03   
 2.383888E-03   -2.383888E-03   
 2.435404E-03   -2.435404E-03   
 2.487579E-03   -2.487579E-03   
 2.540409E-03   -2.540409E-03   
 2.593890E-03   -2.593890E-03   
 2.648019E-03   -2.648019E-03   
 2.702789E-03   -2.702789E-03   
 2.758195E-03   -2.758195E-03   
 2.814230E-03   -2.814230E-03   
 2.870886E-03   -2.870886E-03   
 2.928155E-03   -2.928155E-03   
 2.986027E-03   -2.986027E-03   
 3.044491E-03   -3.044491E-03   
 3.103536E-03   -3.103536E-03   
 3.163149E-03   -3.163149E-03   
 3.223315E-03   -3.223315E-03   
 3.284021E-03   -3.284021E-03   
 3.345249E-03   -3.345249E-03   
 3.406983E-03   -3.406983E-03   
 3.469203E-03   -3.469203E-03   
 3.531890E-03   -3.531890E-03   
 3.595023E-03   -3.595023E-03   
 3.658580E-03   -3.658580E-03   
 3.722535E-03   -3.722535E-03   
 3.786865E-03   -3.786865E-03   
 3.851543E-03   -3.851543E-03   
 3.916540E-03   -3.916540E-03   
 3.981828E-03   -3.981828E-03   
 4.047374E-03   -4.047374E-03   
 4.113148E-03   -4.113148E-03   
 4.179115E-03   -4.179115E-03   
 4.245241E-03   -4.245241E-03   
 4.311487E-03   -4.311487E-03   
 4.377817E-03   -4.377817E-03   
 4.444191E-03   -4.444191E-03   
 4.510568E-03   -4.510568E-03   
 4.576904E-03   -4.576904E-03   
 4.643157E-03   -4.643157E-03   
 4.709281E-03   -4.709281E-03   
 4.775229E-03   -4.775229E-03   
 4.840954E-03   -4.840954E-03   
 4.906407E-03   -4.906407E-03   
 4.971536E-03   -4.971536E-03   
 5.036290E-03   -5.036290E-03   
 5.100617E-03   -5.100617E-03   
 5.164463E-03   -5.164463E-03   
 5.227772E-03   -5.227772E-03   
 5.290490E-03   -5.290490E-03   
 5.352559E-03   -5.352559E-03   
 5.413922E-03   -5.413922E-03   
 5.474521E-03   -5.474521E-03   
 5.534298E-03   -5.534298E-03   
 5.593192E-03   -5.593192E-03   
 5.651146E-03   -5.651146E-03   
 5.708099E-03   -5.708099E-03   
 5.763990E-03   -5.763990E-03   
 5.818761E-03   -5.818761E-03   
 5.872352E-03   -5.872352E-03   
 5.924701E-03   -5.924701E-03   
 5.975752E-03   -5.975752E-03   
 6.025443E-03   -6.025443E-03   
 6.073718E-03   -6.073718E-03   
 6.120519E-03   -6.120519E-03   
 6.165789E-03   -6.165789E-03   
 6.209473E-03   -6.209473E-03   
 6.251517E-03   -6.251517E-03   
 6.291867E-03   -6.291867E-03   
 6.330472E-03   -6.330472E-03   
 6.367281E-03   -6.367281E-03   
 6.402248E-03   -6.402248E-03   
 6.435324E-03   -6.435324E-03   
 6.466467E-03   -6.466467E-03   
 6.495633E-03   -6.495633E-03   
 6.522783E-03   -6.522783E-03   
 6.547880E-03   -6.547880E-03   
 6.570887E-03   -6.570887E-03   
 6.591773E-03   -6.591773E-03   
 6.610507E-03   -6.610507E-03   
 6.627063E-03   -6.627063E-03   
 6.641417E-03   -6.641417E-03   
 6.653547E-03   -6.653547E-03   
 6.663435E-03   -6.663435E-03   
 6.671066E-03   -6.671066E-03   
 6.676428E-03   -6.676428E-03   
 6.679512E-03   -6.679512E-03   
 6.680313E-03   -6.680313E-03   
 6.678827E-03   -6.678827E-03   
 6.675057E-03   -6.675057E-03   
 6.669005E-03   -6.669005E-03   
 6.660680E-03   -6.660680E-03   
 6.650092E-03   -6.650092E-03   
 6.637254E-03   -6.637254E-03   
 6.622183E-03   -6.622183E-03   
 6.604899E-03   -6.604899E-03   
 6.585425E-03   -6.585425E-03   
 6.563788E-03   -6.563788E-03   
 6.540014E-03   -6.540014E-03   
 6.514137E-03   -6.514137E-03   
 6.486190E-03   -6.486190E-03   
 6.456211E-03   -6.456211E-03   
 6.424238E-03   -6.424238E-03   
 6.390313E-03   -6.390313E-03   
 6.354480E-03   -6.354480E-03   
 6.316786E-03   -6.316786E-03   
 6.277279E-03   -6.277279E-03   
 6.236008E-03   -6.236008E-03   
 6.193025E-03   -6.193025E-03   
 6.148383E-03   -6.148383E-03   
 6.102138E-03   -6.102138E-03   
 6.054346E-03   -6.054346E-03   
 6.005063E-03   -6.005063E-03   
 5.954349E-03   -5.954349E-03   
 5.902261E-03   -5.902261E-03   
 5.848861E-03   -5.848861E-03   
 5.794209E-03   -5.794209E-03   
 5.738365E-03   -5.738365E-03   
 5.681392E-03   -5.681392E-03   
 5.623350E-03   -5.623350E-03   
 5.564302E-03   -5.564302E-03   
 5.504308E-03   -5.504308E-03   
 5.443431E-03   -5.443431E-03   
 5.381730E-03   -5.381730E-03   
 5.319268E-03   -5.319268E-03   
 5.256103E-03   -5.256103E-03   
 5.192295E-03   -5.192295E-03   
 5.127904E-03   -5.127904E-03   
 5.062987E-03   -5.062987E-03   
 4.997600E-03   -4.997600E-03   
 4.931801E-03   -4.931801E-03   
 4.865644E-03   -4.865644E-03   
 4.799182E-03   -4.799182E-03   
 4.732469E-03   -4.732469E-03   
 4.665556E-03   -4.665556E-03   
 4.598494E-03   -4.598494E-03   
 4.531330E-03   -4.531330E-03   
 4.464112E-03   -4.464112E-03   
 4.396886E-03   -4.396886E-03   
 4.329698E-03   -4.329698E-03   
 4.262588E-03   -4.262588E-03   
 4.195601E-03   -4.195601E-03   
 4.128774E-03   -4.128774E-03   
 4.062147E-03   -4.062147E-03   
 3.995757E-03   -3.995757E-03   
 3.929639E-03   -3.929639E-03   
 3.863828E-03   -3.863828E-03   
 3.798355E-03   -3.798355E-03   
 3.733251E-03   -3.733251E-03   
 3.668546E-03   -3.668546E-03   
 3.604268E-03   -3.604268E-03   
 3.540443E-03   -3.540443E-03   
 3.477096E-03   -3.477096E-03   
 3.414251E-03   -3.414251E-03   
 3.351929E-03   -3.351929E-03   
 3.290152E-03   -3.290152E-03   
 3.228939E-03   -3.228939E-03   
 3.168309E-03   -3.168309E-03   
 3.108276E-03   -3.108276E-03   
 3.048859E-03   -3.048859E-03   
 2.990070E-03   -2.990070E-03   
 2.931924E-03   -2.931924E-03   
 2.874431E-03   -2.874431E-03   
 2.817603E-03   -2.817603E-03   
 2.761450E-03   -2.761450E-03   
 2.705981E-03   -2.705981E-03   
 2.651203E-03   -2.651203E-03   
 2.597123E-03   -2.597123E-03   
 2.543748E-03   -2.543748E-03   
 2.491081E-03   -2.491081E-03   
 2.439128E-03   -2.439128E-03   
 2.387892E-03   -2.387892E-03   
 2.337374E-03   -2.337374E-03   
 2.287578E-03   -2.287578E-03   
 2.238503E-03   -2.238503E-03   
 2.190152E-03   -2.190152E-03   
 2.142522E-03   -2.142522E-03   
 2.095614E-03   -2.095614E-03   
 2.049425E-03   -2.049425E-03   
 2.003955E-03   -2.003955E-03   
 1.959200E-03   -1.959200E-03   
 1.915157E-03   -1.915157E-03   
 1.871824E-03   -1.871824E-03   
 1.829195E-03   -1.829195E-03   
 1.787267E-03   -1.787267E-03   
 1.746036E-03   -1.746036E-03   
 1.705495E-03   -1.705495E-03   
 1.665640E-03   -1.665640E-03   
 1.626464E-03   -1.626464E-03   
 1.587963E-03   -1.587963E-03   
 1.550130E-03   -1.550130E-03   
 1.512957E-03   -1.512957E-03   
 1.476440E-03   -1.476440E-03   
 1.440569E-03   -1.440569E-03   
 1.405340E-03   -1.405340E-03   
 1.370743E-03   -1.370743E-03   
 1.336773E-03   -1.336773E-03   
 1.303421E-03   -1.303421E-03   
 1.270679E-03   -1.270679E-03   
 1.238540E-03   -1.238540E-03   
 1.206996E-03   -1.206996E-03   
 1.176040E-03   -1.176040E-03   
 1.145662E-03   -1.145662E-03   
 1.115855E-03   -1.115855E-03   
 1.086611E-03   -1.086611E-03   
 1.057922E-03   -1.057922E-03   
 1.029779E-03   -1.029779E-03   
 1.002174E-03   -1.002174E-03   
 9.751002E-04   -9.751002E-04   
 9.485481E-04   -9.485481E-04   
 9.225099E-04   -9.225099E-04   
 8.969774E-04   -8.969774E-04   
 8.719425E-04   -8.719425E-04   
 8.473972E-04   -8.473972E-04   
 8.233335E-04   -8.233335E-04   
 7.997433E-04   -7.997433E-04   
 7.766188E-04   -7.766188E-04   
 7.539519E-04   -7.539519E-04   
 7.317350E-04   -7.317350E-04   
 7.099603E-04   -7.099603E-04   
 6.886200E-04   -6.886200E-04   
 6.677066E-04   -6.677066E-04   
 6.472126E-04   -6.472126E-04   
 6.271304E-04   -6.271304E-04   
 6.074526E-04   -6.074526E-04   
 5.881721E-04   -5.881721E-04   
 5.692816E-04   -5.692816E-04   
 5.507739E-04   -5.507739E-04   
 5.326420E-04   -5.326420E-04   
 5.148790E-04   -5.148790E-04   
 4.974780E-04   -4.974780E-04   
 4.804322E-04   -4.804322E-04   
 4.637351E-04   -4.637351E-04   
 4.473799E-04   -4.473799E-04   
 4.313603E-04   -4.313603E-04   
 4.156698E-04   -4.156698E-04   
 4.003021E-04   -4.003021E-04   
 3.852511E-04   -3.852511E-04   
 3.705107E-04   -3.705107E-04   
 3.560749E-04   -3.560749E-04   
 3.419377E-04   -3.419377E-04   
 3.280934E-04   -3.280934E-04   
 3.145362E-04   -3.145362E-04   
 3.012605E-04   -3.012605E-04   
 2.882608E-04   -2.882608E-04   
 2.755317E-04   -2.755317E-04   
 2.630678E-04   -2.630678E-04   
 2.508638E-04   -2.508638E-04   
 2.389147E-04   -2.389147E-04   
 2.272154E-04   -2.272154E-04   
 2.157609E-04   -2.157609E-04   
 2.045463E-04   -2.045463E-04   
 1.935668E-04   -1.935668E-04   
 1.828177E-04   -1.828177E-04   
 1.722944E-04   -1.722944E-04   
 1.619923E-04   -1.619923E-04   
 1.519071E-04   -1.519071E-04   
 1.420343E-04   -1.420343E-04   
 1.323697E-04   -1.323697E-04   
 1.229090E-04   -1.229090E-04   
 1.136481E-04   -1.136481E-04   
 1.045831E-04   -1.045831E-04   
 9.570982E-05   -9.570982E-05   
 8.702451E-05   -8.702451E-05   
 7.852331E-05   -7.852331E-05   
 7.020249E-05   -7.020249E-05   
 6.205839E-05   -6.205839E-05   
 5.408740E-05   -5.408740E-05   
 4.628600E-05   -4.628600E-05   
 3.865074E-05   -3.865074E-05   
 3.117824E-05   -3.117824E-05   
 2.386518E-05   -2.386518E-05   
 1.670830E-05   -1.670830E-05   
 9.704418E-06   -9.704418E-06   
 2.850415E-06   -2.850415E-06   
-3.856771E-06    3.856771E-06   
-1.042014E-05    1.042014E-05   
-1.684262E-05    1.684262E-05   
-2.312710E-05    2.312710E-05   
-2.927639E-05    2.927639E-05   
-3.529326E-05    3.529326E-05   
-4.118041E-05    4.118041E-05   
-4.694048E-05    4.694048E-05   
-5.257609E-05    5.257609E-05   
-5.808976E-05    5.808976E-05   
-6.348399E-05    6.348399E-05   
-6.876123E-05    6.876123E-05   
-7.392385E-05    7.392385E-05   
-7.897419E-05    7.897419E-05   
-8.391456E-05    8.391456E-05   
-8.874719E-05    8.874719E-05   
-9.347428E-05    9.347428E-05   
-9.809798E-05    9.809798E-05   
-1.026204E-04    1.026204E-04   
-1.070436E-04    1.070436E-04   
-1.113696E-04    1.113696E-04   
-1.156004E-04    1.156004E-04   
-1.197380E-04    1.197380E-04   
-1.237841E-04    1.237841E-04   
-1.277407E-04    1.277407E-04   
-1.316097E-04    1.316097E-04   
-1.353927E-04    1.353927E-04   
-1.390915E-04    1.390915E-04   
-1.427079E-04    1.427079E-04   
-1.462435E-04    1.462435E-04   
-1.497000E-04    1.497000E-04   
-1.530789E-04    1.530789E-04   
-1.563818E-04    1.563818E-04   
-1.596103E-04    1.596103E-04   
-1.627659E-04    1.627659E-04   
-1.658500E-04    1.658500E-04   
-1.688641E-04    1.688641E-04   
-1.718096E-04    1.718096E-04   
-1.746879E-04    1.746879E-04   
-1.775004E-04    1.775004E-04   
-1.802483E-04    1.802483E-04   
-1.829330E-04    1.829330E-04   
-1.855557E-04    1.855557E-04   
-1.881178E-04    1.881178E-04   
-1.906204E-04    1.906204E-04   
-1.930646E-04    1.930646E-04   
-1.954518E-04    1.954518E-04   
-1.977830E-04    1.977830E-04   
-2.000593E-04    2.000593E-04   
-2.022819E-04    2.022819E-04   
-2.044519E-04    2.044519E-04   
-2.065702E-04    2.065702E-04   
-2.086380E-04    2.086380E-04   
-2.106561E-04    2.106561E-04   
-2.126257E-04    2.126257E-04   
-2.145477E-04    2.145477E-04   
-2.164231E-04    2.164231E-04   
-2.182527E-04    2.182527E-04   
-2.200375E-04    2.200375E-04   
-2.217784E-04    2.217784E-04   
-2.234763E-04    2.234763E-04   
-2.251319E-04    2.251319E-04   
-2.267462E-04    2.267462E-04   
-2.283200E-04    2.283200E-04   
-2.298541E-04    2.298541E-04   
-2.313492E-04    2.313492E-04   
-2.328062E-04    2.328062E-04   
-2.342258E-04    2.342258E-04   
-2.356087E-04    2.356087E-04   
-2.369557E-04    2.369557E-04   
-2.382675E-04    2.382675E-04   
-2.395447E-04    2.395447E-04   
-2.407881E-04    2.407881E-04   
-2.419983E-04    2.419983E-04   
-2.431761E-04    2.431761E-04   
-2.443219E-04    2.443219E-04   
-2.454365E-04    2.454365E-04   
-2.465205E-04    2.465205E-04   
-2.475744E-04    2.475744E-04   
-2.485989E-04    2.485989E-04   
-2.495946E-04    2.495946E-04   
-2.505620E-04    2.505620E-04   
-2.515017E-04    2.515017E-04   
-2.524142E-04    2.524142E-04   
-2.533000E-04    2.533000E-04   
-2.541597E-04    2.541597E-04   
-2.549938E-04    2.549938E-04   
-2.558029E-04    2.558029E-04   
-2.565873E-04    2.565873E-04   
-2.573475E-04    2.573475E-04   
-2.580842E-04    2.580842E-04   
-2.587976E-04    2.587976E-04   
-2.594883E-04    2.594883E-04   
-2.601568E-04    2.601568E-04   
-2.608034E-04    2.608034E-04   
-2.614285E-04    2.614285E-04   
-2.620327E-04    2.620327E-04   
-2.626163E-04    2.626163E-04   
-2.631797E-04    2.631797E-04   
-2.637233E-04    2.637233E-04   
-2.642475E-04    2.642475E-04   
-2.647527E-04    2.647527E-04   
-2.652393E-04    2.652393E-04   
-2.657075E-04    2.657075E-04   
-2.661579E-04    2.661579E-04   
-2.665907E-04    2.665907E-04   
-2.670062E-04    2.670062E-04   
-2.674049E-04    2.674049E-04   
-2.677871E-04    2.677871E-04   
-2.681529E-04    2.681529E-04   
-2.685029E-04    2.685029E-04   
-2.688373E-04    2.688373E-04   
-2.691564E-04    2.691564E-04   
-2.694605E-04    2.694605E-04   
-2.697499E-04    2.697499E-04   
-2.700249E-04    2.700249E-04   
-2.702858E-04    2.702858E-04   
-2.705328E-04    2.705328E-04   
-2.707663E-04    2.707663E-04   
-2.709864E-04    2.709864E-04   
-2.711935E-04    2.711935E-04   
-2.713878E-04    2.713878E-04   
-2.715696E-04    2.715696E-04   
-2.717391E-04    2.717391E-04   
-2.718966E-04    2.718966E-04   
-2.720422E-04    2.720422E-04   
-2.721763E-04    2.721763E-04   
-2.722990E-04    2.722990E-04   
-2.724106E-04    2.724106E-04   
-2.725113E-04    2.725113E-04   
-2.726013E-04    2.726013E-04   
-2.726808E-04    2.726808E-04   
-2.727501E-04    2.727501E-04   
-2.728093E-04    2.728093E-04   
-2.728587E-04    2.728587E-04   
-2.728984E-04    2.728984E-04   
-2.729286E-04    2.729286E-04   
-2.729495E-04    2.729495E-04   
-2.729614E-04    2.729614E-04   
-2.729643E-04    2.729643E-04   
-2.729585E-04    2.729585E-04   
-2.729441E-04    2.729441E-04   
-2.729214E-04    2.729214E-04   
-2.728904E-04    2.728904E-04   
-2.728514E-04    2.728514E-04   
-2.728045E-04    2.728045E-04   
-2.727498E-04    2.727498E-04   
-2.726876E-04    2.726876E-04   
-2.726180E-04    2.726180E-04   
