 3.902942E-01   -7.869199E-01   
 3.895039E-01   -7.880202E-01   
 3.887125E-01   -7.891162E-01   
 3.879200E-01   -7.902081E-01   
 3.871263E-01   -7.912957E-01   
 3.863315E-01   -7.923790E-01   
 3.855355E-01   -7.934582E-01   
 3.847384E-01   -7.945331E-01   
 3.839401E-01   -7.956037E-01   
 3.831407E-01   -7.966702E-01   
 3.823402E-01   -7.977323E-01   
 3.815385E-01   -7.987902E-01   
 3.807356E-01   -7.998439E-01   
 3.799317E-01   -8.008932E-01   
 3.791266E-01   -8.019383E-01   
 3.783203E-01   -8.029791E-01   
 3.775129E-01   -8.040157E-01   
 3.767044E-01   -8.050479E-01   
 3.758948E-01   -8.060758E-01   
 3.750840E-01   -8.070995E-01   
 3.742721E-01   -8.081188E-01   
 3.734591E-01   -8.091338E-01   
 3.726449E-01   -8.101445E-01   
 3.718296E-01   -8.111509E-01   
 3.710132E-01   -8.121529E-01   
 3.701957E-01   -8.131506E-01   
 3.693770E-01   -8.141440E-01   
 3.685572E-01   -8.151330E-01   
 3.677363E-01   -8.161176E-01   
 3.669143E-01   -8.170979E-01   
 3.660911E-01   -8.180738E-01   
 3.652668E-01   -8.190454E-01   
 3.644414E-01   -8.200126E-01   
 3.636149E-01   -8.209754E-01   
 3.627872E-01   -8.219338E-01   
 3.619585E-01   -8.228878E-01   
 3.611286E-01   -8.238374E-01   
 3.602976E-01   -8.247827E-01   
 3.594654E-01   -8.257235E-01   
 3.586322E-01   -8.266598E-01   
 3.577978E-01   -8.275918E-01   
 3.569623E-01   -8.285193E-01   
 3.561257E-01   -8.294424E-01   
 3.552879E-01   -8.303611E-01   
 3.544491E-01   -8.312753E-01   
 3.536091E-01   -8.321850E-01   
 3.527680E-01   -8.330903E-01   
 3.519257E-01   -8.339911E-01   
 3.510824E-01   -8.348875E-01   
 3.502379E-01   -8.357794E-01   
 3.493923E-01   -8.366668E-01   
 3.485456E-01   -8.375497E-01   
 3.476978E-01   -8.384281E-01   
 3.468488E-01   -8.393019E-01   
 3.459987E-01   -8.401713E-01   
 3.451475E-01   -8.410362E-01   
 3.442952E-01   -8.418965E-01   
 3.434417E-01   -8.427524E-01   
 3.425871E-01   -8.436036E-01   
 3.417314E-01   -8.444504E-01   
 3.408746E-01   -8.452926E-01   
 3.400166E-01   -8.461302E-01   
 3.391575E-01   -8.469633E-01   
 3.382973E-01   -8.477918E-01   
 3.374359E-01   -8.486157E-01   
 3.365734E-01   -8.494350E-01   
 3.357098E-01   -8.502498E-01   
 3.348450E-01   -8.510599E-01   
 3.339791E-01   -8.518655E-01   
 3.331120E-01   -8.526664E-01   
 3.322438E-01   -8.534627E-01   
 3.313745E-01   -8.542544E-01   
 3.305040E-01   -8.550415E-01   
 3.296324E-01   -8.558239E-01   
 3.287596E-01   -8.566017E-01   
 3.278857E-01   -8.573749E-01   
 3.270107E-01   -8.581433E-01   
 3.261344E-01   -8.589071E-01   
 3.252571E-01   -8.596663E-01   
 3.243786E-01   -8.604207E-01   
 3.234989E-01   -8.611705E-01   
 3.226180E-01   -8.619155E-01   
 3.217360E-01   -8.626559E-01   
 3.208529E-01   -8.633915E-01   
 3.199686E-01   -8.641225E-01   
 3.190831E-01   -8.648486E-01   
 3.181964E-01   -8.655701E-01   
 3.173086E-01   -8.662868E-01   
 3.164195E-01   -8.669988E-01   
 3.155294E-01   -8.677060E-01   
 3.146380E-01   -8.684084E-01   
 3.137454E-01   -8.691061E-01   
 3.128517E-01   -8.697990E-01   
 3.119568E-01   -8.704871E-01   
 3.110607E-01   -8.711704E-01   
 3.101634E-01   -8.718489E-01   
 3.092649E-01   -8.725225E-01   
 3.083652E-01   -8.731914E-01   
 3.074643E-01   -8.738554E-01   
 3.065622E-01   -8.745145E-01   
 3.056588E-01   -8.751689E-01   
 3.047543E-01   -8.758183E-01   
 3.038486E-01   -8.764629E-01   
 3.029416E-01   -8.771026E-01   
 3.020334E-01   -8.777374E-01   
 3.011240E-01   -8.783674E-01   
 3.002134E-01   -8.789924E-01   
 2.993015E-01   -8.796125E-01   
 2.983884E-01   -8.802277E-01   
 2.974740E-01   -8.808380E-01   
 2.965584E-01   -8.814433E-01   
 2.956416E-01   -8.820437E-01   
 2.947235E-01   -8.826391E-01   
 2.938041E-01   -8.832295E-01   
 2.928835E-01   -8.838150E-01   
 2.919616E-01   -8.843954E-01   
 2.910385E-01   -8.849709E-01   
 2.901140E-01   -8.855414E-01   
 2.891883E-01   -8.861068E-01   
 2.882613E-01   -8.866672E-01   
 2.873330E-01   -8.872226E-01   
 2.864035E-01   -8.877729E-01   
 2.854726E-01   -8.883182E-01   
 2.845404E-01   -8.888584E-01   
 2.836069E-01   -8.893935E-01   
 2.826721E-01   -8.899235E-01   
 2.817360E-01   -8.904484E-01   
 2.807985E-01   -8.909682E-01   
 2.798597E-01   -8.914829E-01   
 2.789196E-01   -8.919924E-01   
 2.779782E-01   -8.924968E-01   
 2.770354E-01   -8.929961E-01   
 2.760912E-01   -8.934901E-01   
 2.751457E-01   -8.939790E-01   
 2.741988E-01   -8.944627E-01   
 2.732505E-01   -8.949411E-01   
 2.723009E-01   -8.954144E-01   
 2.713499E-01   -8.958824E-01   
 2.703974E-01   -8.963452E-01   
 2.694436E-01   -8.968027E-01   
 2.684884E-01   -8.972550E-01   
 2.675318E-01   -8.977020E-01   
 2.665737E-01   -8.981437E-01   
 2.656143E-01   -8.985801E-01   
 2.646534E-01   -8.990111E-01   
 2.636910E-01   -8.994369E-01   
 2.627272E-01   -8.998572E-01   
 2.617620E-01   -9.002723E-01   
 2.607953E-01   -9.006819E-01   
 2.598271E-01   -9.010862E-01   
 2.588574E-01   -9.014851E-01   
 2.578863E-01   -9.018785E-01   
 2.569136E-01   -9.022665E-01   
 2.559395E-01   -9.026491E-01   
 2.549638E-01   -9.030263E-01   
 2.539867E-01   -9.033979E-01   
 2.530080E-01   -9.037641E-01   
 2.520277E-01   -9.041247E-01   
 2.510460E-01   -9.044799E-01   
 2.500626E-01   -9.048295E-01   
 2.490777E-01   -9.051736E-01   
 2.480912E-01   -9.055121E-01   
 2.471032E-01   -9.058450E-01   
 2.461135E-01   -9.061723E-01   
 2.451223E-01   -9.064941E-01   
 2.441294E-01   -9.068101E-01   
 2.431349E-01   -9.071206E-01   
 2.421388E-01   -9.074254E-01   
 2.411410E-01   -9.077245E-01   
 2.401416E-01   -9.080179E-01   
 2.391406E-01   -9.083056E-01   
 2.381378E-01   -9.085875E-01   
 2.371334E-01   -9.088638E-01   
 2.361272E-01   -9.091342E-01   
 2.351194E-01   -9.093989E-01   
 2.341098E-01   -9.096577E-01   
 2.330985E-01   -9.099108E-01   
 2.320855E-01   -9.101580E-01   
 2.310707E-01   -9.103993E-01   
 2.300541E-01   -9.106348E-01   
 2.290358E-01   -9.108643E-01   
 2.280157E-01   -9.110880E-01   
 2.269937E-01   -9.113057E-01   
 2.259700E-01   -9.115174E-01   
 2.249444E-01   -9.117232E-01   
 2.239170E-01   -9.119229E-01   
 2.228877E-01   -9.121167E-01   
 2.218566E-01   -9.123043E-01   
 2.208235E-01   -9.124860E-01   
 2.197886E-01   -9.126615E-01   
 2.187518E-01   -9.128309E-01   
 2.177130E-01   -9.129942E-01   
 2.166723E-01   -9.131514E-01   
 2.156296E-01   -9.133023E-01   
 2.145850E-01   -9.134471E-01   
 2.135383E-01   -9.135856E-01   
 2.124897E-01   -9.137179E-01   
 2.114390E-01   -9.138440E-01   
 2.103864E-01   -9.139637E-01   
 2.093316E-01   -9.140771E-01   
 2.082748E-01   -9.141841E-01   
 2.072160E-01   -9.142848E-01   
 2.061550E-01   -9.143791E-01   
 2.050919E-01   -9.144669E-01   
 2.040266E-01   -9.145483E-01   
 2.029593E-01   -9.146233E-01   
 2.018897E-01   -9.146917E-01   
 2.008180E-01   -9.147535E-01   
 1.997440E-01   -9.148089E-01   
 1.986678E-01   -9.148576E-01   
 1.975894E-01   -9.148997E-01   
 1.965087E-01   -9.149352E-01   
 1.954258E-01   -9.149640E-01   
 1.943405E-01   -9.149860E-01   
 1.932529E-01   -9.150014E-01   
 1.921630E-01   -9.150100E-01   
 1.910707E-01   -9.150117E-01   
 1.899760E-01   -9.150067E-01   
 1.888790E-01   -9.149948E-01   
 1.877795E-01   -9.149759E-01   
 1.866775E-01   -9.149502E-01   
 1.855731E-01   -9.149175E-01   
 1.844662E-01   -9.148778E-01   
 1.833567E-01   -9.148311E-01   
 1.822448E-01   -9.147773E-01   
 1.811302E-01   -9.147164E-01   
 1.800131E-01   -9.146483E-01   
 1.788934E-01   -9.145731E-01   
 1.777710E-01   -9.144907E-01   
 1.766460E-01   -9.144011E-01   
 1.755183E-01   -9.143042E-01   
 1.743879E-01   -9.141999E-01   
 1.732548E-01   -9.140883E-01   
 1.721189E-01   -9.139693E-01   
 1.709802E-01   -9.138428E-01   
 1.698387E-01   -9.137089E-01   
 1.686943E-01   -9.135674E-01   
 1.675471E-01   -9.134184E-01   
 1.663970E-01   -9.132618E-01   
 1.652439E-01   -9.130975E-01   
 1.640879E-01   -9.129256E-01   
 1.629289E-01   -9.127459E-01   
 1.617669E-01   -9.125584E-01   
 1.606019E-01   -9.123631E-01   
 1.594338E-01   -9.121600E-01   
 1.582625E-01   -9.119489E-01   
 1.570882E-01   -9.117299E-01   
 1.559106E-01   -9.115028E-01   
 1.547299E-01   -9.112677E-01   
 1.535459E-01   -9.110245E-01   
 1.523587E-01   -9.107731E-01   
 1.511681E-01   -9.105135E-01   
 1.499742E-01   -9.102456E-01   
 1.487770E-01   -9.099694E-01   
 1.475763E-01   -9.096849E-01   
 1.463722E-01   -9.093919E-01   
 1.451646E-01   -9.090905E-01   
 1.439535E-01   -9.087805E-01   
 1.427388E-01   -9.084620E-01   
 1.415206E-01   -9.081348E-01   
 1.402987E-01   -9.077989E-01   
 1.390731E-01   -9.074542E-01   
 1.378438E-01   -9.071007E-01   
 1.366108E-01   -9.067383E-01   
 1.353740E-01   -9.063670E-01   
 1.341333E-01   -9.059867E-01   
 1.328888E-01   -9.055973E-01   
 1.316404E-01   -9.051988E-01   
 1.303880E-01   -9.047910E-01   
 1.291315E-01   -9.043740E-01   
 1.278711E-01   -9.039477E-01   
 1.266065E-01   -9.035120E-01   
 1.253378E-01   -9.030668E-01   
 1.240649E-01   -9.026120E-01   
 1.227877E-01   -9.021477E-01   
 1.215063E-01   -9.016736E-01   
 1.202205E-01   -9.011898E-01   
 1.189304E-01   -9.006962E-01   
 1.176358E-01   -9.001926E-01   
 1.163367E-01   -8.996791E-01   
 1.150331E-01   -8.991555E-01   
 1.137248E-01   -8.986217E-01   
 1.124120E-01   -8.980778E-01   
 1.110944E-01   -8.975235E-01   
 1.097721E-01   -8.969588E-01   
 1.084450E-01   -8.963836E-01   
 1.071130E-01   -8.957979E-01   
 1.057760E-01   -8.952015E-01   
 1.044341E-01   -8.945944E-01   
 1.030871E-01   -8.939764E-01   
 1.017351E-01   -8.933476E-01   
 1.003778E-01   -8.927077E-01   
 9.901534E-02   -8.920567E-01   
 9.764758E-02   -8.913944E-01   
 9.627445E-02   -8.907209E-01   
 9.489589E-02   -8.900360E-01   
 9.351185E-02   -8.893396E-01   
 9.212224E-02   -8.886315E-01   
 9.072701E-02   -8.879118E-01   
 8.932608E-02   -8.871802E-01   
 8.791938E-02   -8.864367E-01   
 8.650685E-02   -8.856812E-01   
 8.508840E-02   -8.849135E-01   
 8.366396E-02   -8.841336E-01   
 8.223346E-02   -8.833413E-01   
 8.079682E-02   -8.825365E-01   
 7.935396E-02   -8.817191E-01   
 7.790481E-02   -8.808889E-01   
 7.644928E-02   -8.800460E-01   
 7.498729E-02   -8.791900E-01   
 7.351877E-02   -8.783209E-01   
 7.204362E-02   -8.774386E-01   
 7.056176E-02   -8.765430E-01   
 6.907310E-02   -8.756338E-01   
 6.757756E-02   -8.747110E-01   
 6.607505E-02   -8.737745E-01   
 6.456547E-02   -8.728240E-01   
 6.304873E-02   -8.718595E-01   
 6.152474E-02   -8.708808E-01   
 5.999340E-02   -8.698878E-01   
 5.845462E-02   -8.688802E-01   
 5.690830E-02   -8.678580E-01   
 5.535433E-02   -8.668211E-01   
 5.379262E-02   -8.657691E-01   
 5.222306E-02   -8.647021E-01   
 5.064555E-02   -8.636198E-01   
 4.905997E-02   -8.625220E-01   
 4.746623E-02   -8.614087E-01   
 4.586420E-02   -8.602795E-01   
 4.425379E-02   -8.591344E-01   
 4.263487E-02   -8.579732E-01   
 4.100732E-02   -8.567957E-01   
 3.937104E-02   -8.556017E-01   
 3.772590E-02   -8.543910E-01   
 3.607177E-02   -8.531634E-01   
 3.440854E-02   -8.519188E-01   
 3.273608E-02   -8.506569E-01   
 3.105426E-02   -8.493775E-01   
 2.936294E-02   -8.480806E-01   
 2.766201E-02   -8.467657E-01   
 2.595132E-02   -8.454328E-01   
 2.423074E-02   -8.440816E-01   
 2.250012E-02   -8.427118E-01   
 2.075933E-02   -8.413234E-01   
 1.900822E-02   -8.399160E-01   
 1.724665E-02   -8.384894E-01   
 1.547447E-02   -8.370434E-01   
 1.369152E-02   -8.355778E-01   
 1.189765E-02   -8.340923E-01   
 1.009271E-02   -8.325866E-01   
 8.276533E-03   -8.310606E-01   
 6.448962E-03   -8.295139E-01   
 4.609830E-03   -8.279463E-01   
 2.758971E-03   -8.263576E-01   
 8.962139E-04   -8.247474E-01   
-9.786147E-04   -8.231155E-01   
-2.865691E-03   -8.214617E-01   
-4.765194E-03   -8.197856E-01   
-6.677307E-03   -8.180869E-01   
-8.602215E-03   -8.163654E-01   
-1.054011E-02   -8.146207E-01   
-1.249117E-02   -8.128526E-01   
-1.445561E-02   -8.110607E-01   
-1.643362E-02   -8.092447E-01   
-1.842540E-02   -8.074044E-01   
-2.043116E-02   -8.055393E-01   
-2.245111E-02   -8.036492E-01   
-2.448546E-02   -8.017337E-01   
-2.653443E-02   -7.997924E-01   
-2.859823E-02   -7.978251E-01   
-3.067710E-02   -7.958313E-01   
-3.277126E-02   -7.938107E-01   
-3.488095E-02   -7.917629E-01   
-3.700640E-02   -7.896875E-01   
-3.914785E-02   -7.875842E-01   
-4.130555E-02   -7.854525E-01   
-4.347975E-02   -7.832921E-01   
-4.567070E-02   -7.811025E-01   
-4.787866E-02   -7.788834E-01   
-5.010389E-02   -7.766343E-01   
-5.234667E-02   -7.743547E-01   
-5.460726E-02   -7.720443E-01   
-5.688595E-02   -7.697026E-01   
-5.918301E-02   -7.673291E-01   
-6.149874E-02   -7.649234E-01   
-6.383343E-02   -7.624850E-01   
-6.618737E-02   -7.600134E-01   
-6.856087E-02   -7.575081E-01   
-7.095425E-02   -7.549687E-01   
-7.336780E-02   -7.523946E-01   
-7.580187E-02   -7.497852E-01   
-7.825677E-02   -7.471401E-01   
-8.073284E-02   -7.444587E-01   
-8.323041E-02   -7.417405E-01   
-8.574983E-02   -7.389849E-01   
-8.829145E-02   -7.361914E-01   
-9.085564E-02   -7.333593E-01   
-9.344275E-02   -7.304880E-01   
-9.605316E-02   -7.275770E-01   
-9.868724E-02   -7.246256E-01   
-1.013454E-01   -7.216332E-01   
-1.040280E-01   -7.185992E-01   
-1.067354E-01   -7.155229E-01   
-1.094681E-01   -7.124036E-01   
-1.122265E-01   -7.092407E-01   
-1.150110E-01   -7.060334E-01   
-1.178220E-01   -7.027811E-01   
-1.206600E-01   -6.994830E-01   
-1.235254E-01   -6.961384E-01   
-1.264187E-01   -6.927465E-01   
-1.293403E-01   -6.893066E-01   
-1.322907E-01   -6.858179E-01   
-1.352704E-01   -6.822796E-01   
-1.382799E-01   -6.786909E-01   
-1.413197E-01   -6.750509E-01   
-1.443902E-01   -6.713589E-01   
-1.474921E-01   -6.676139E-01   
-1.506258E-01   -6.638151E-01   
-1.537919E-01   -6.599615E-01   
-1.569909E-01   -6.560523E-01   
-1.602234E-01   -6.520866E-01   
-1.634899E-01   -6.480633E-01   
-1.667911E-01   -6.439815E-01   
-1.701275E-01   -6.398402E-01   
-1.734998E-01   -6.356385E-01   
-1.769085E-01   -6.313752E-01   
-1.803543E-01   -6.270493E-01   
-1.838378E-01   -6.226598E-01   
-1.873597E-01   -6.182055E-01   
-1.909206E-01   -6.136854E-01   
-1.945212E-01   -6.090983E-01   
-1.981623E-01   -6.044430E-01   
-2.018444E-01   -5.997184E-01   
-2.055684E-01   -5.949232E-01   
-2.093349E-01   -5.900562E-01   
-2.131447E-01   -5.851162E-01   
-2.169986E-01   -5.801018E-01   
-2.208973E-01   -5.750118E-01   
-2.248417E-01   -5.698448E-01   
-2.288324E-01   -5.645994E-01   
-2.328704E-01   -5.592743E-01   
-2.369565E-01   -5.538680E-01   
-2.410916E-01   -5.483791E-01   
-2.452764E-01   -5.428061E-01   
-2.495120E-01   -5.371475E-01   
-2.537991E-01   -5.314017E-01   
-2.581387E-01   -5.255672E-01   
-2.625318E-01   -5.196423E-01   
-2.669793E-01   -5.136255E-01   
-2.714822E-01   -5.075150E-01   
-2.760415E-01   -5.013092E-01   
-2.806581E-01   -4.950063E-01   
-2.853332E-01   -4.886045E-01   
-2.900678E-01   -4.821020E-01   
-2.948629E-01   -4.754969E-01   
-2.997196E-01   -4.687874E-01   
-3.046391E-01   -4.619715E-01   
-3.096226E-01   -4.550473E-01   
-3.146710E-01   -4.480128E-01   
-3.197857E-01   -4.408659E-01   
-3.249679E-01   -4.336044E-01   
-3.302187E-01   -4.262264E-01   
-3.355395E-01   -4.187295E-01   
-3.409314E-01   -4.111116E-01   
-3.463959E-01   -4.033704E-01   
-3.519341E-01   -3.955036E-01   
-3.575476E-01   -3.875088E-01   
-3.632376E-01   -3.793836E-01   
-3.690055E-01   -3.711256E-01   
-3.748528E-01   -3.627322E-01   
-3.807810E-01   -3.542008E-01   
-3.867915E-01   -3.455289E-01   
-3.928858E-01   -3.367138E-01   
-3.990655E-01   -3.277528E-01   
-4.053322E-01   -3.186430E-01   
-4.116874E-01   -3.093817E-01   
-4.181328E-01   -2.999659E-01   
-4.246700E-01   -2.903928E-01   
-4.313008E-01   -2.806593E-01   
-4.380268E-01   -2.707622E-01   
-4.448498E-01   -2.606986E-01   
-4.517716E-01   -2.504652E-01   
-4.587941E-01   -2.400587E-01   
-4.659191E-01   -2.294759E-01   
-4.731484E-01   -2.187133E-01   
-4.804840E-01   -2.077675E-01   
-4.879278E-01   -1.966349E-01   
-4.954819E-01   -1.853120E-01   
-5.031483E-01   -1.737951E-01   
-5.109290E-01   -1.620805E-01   
-5.188262E-01   -1.501643E-01   
-5.268420E-01   -1.380428E-01   
-5.349785E-01   -1.257118E-01   
-5.432380E-01   -1.131675E-01   
-5.516228E-01   -1.004056E-01   
-5.601350E-01   -8.742208E-02   
-5.687772E-01   -7.421257E-02   
-5.775516E-01   -6.077277E-02   
-5.864606E-01   -4.709823E-02   
-5.955068E-01   -3.318446E-02   
-6.046925E-01   -1.902687E-02   
-6.140204E-01   -4.620784E-03   
-6.234930E-01    1.003856E-02   
-6.331129E-01    2.495601E-02   
-6.428829E-01    4.013648E-02   
-6.528055E-01    5.558501E-02   
-6.628836E-01    7.130669E-02   
-6.731198E-01    8.730672E-02   
-6.835172E-01    1.035904E-01   
-6.940785E-01    1.201631E-01   
-7.048066E-01    1.370302E-01   
-7.157045E-01    1.541974E-01   
-7.267752E-01    1.716702E-01   
-7.380218E-01    1.894545E-01   
-7.494473E-01    2.075560E-01   
-7.610548E-01    2.259807E-01   
-7.728475E-01    2.447346E-01   
-7.848286E-01    2.638237E-01   
-7.970014E-01    2.832544E-01   
-8.093691E-01    3.030328E-01   
-8.219351E-01    3.231654E-01   
-8.347027E-01    3.436586E-01   
-8.476754E-01    3.645190E-01   
-8.608565E-01    3.857532E-01   
-8.742496E-01    4.073680E-01   
-8.878581E-01    4.293703E-01   
-9.016855E-01    4.517668E-01   
-9.157356E-01    4.745646E-01   
-9.300118E-01    4.977708E-01   
-9.445177E-01    5.213926E-01   
-9.592571E-01    5.454371E-01   
-9.742337E-01    5.699117E-01   
-9.894510E-01    5.948237E-01   
-1.004913E+00    6.201806E-01   
-1.020623E+00    6.459899E-01   
-1.036585E+00    6.722592E-01   
-1.052804E+00    6.989960E-01   
-1.069281E+00    7.262082E-01   
-1.086022E+00    7.539034E-01   
-1.103031E+00    7.820894E-01   
-1.120310E+00    8.107740E-01   
-1.137864E+00    8.399651E-01   
-1.155697E+00    8.696705E-01   
-1.173812E+00    8.998981E-01   
-1.192213E+00    9.306559E-01   
-1.210904E+00    9.619518E-01   
-1.229888E+00    9.937935E-01   
-1.249170E+00    1.026189E+00   
-1.268752E+00    1.059147E+00   
-1.288639E+00    1.092673E+00   
-1.308833E+00    1.126778E+00   
-1.329339E+00    1.161467E+00   
-1.350160E+00    1.196749E+00   
-1.371300E+00    1.232632E+00   
-1.392760E+00    1.269123E+00   
-1.414545E+00    1.306229E+00   
-1.436658E+00    1.343957E+00   
-1.459102E+00    1.382316E+00   
-1.481879E+00    1.421311E+00   
-1.504993E+00    1.460950E+00   
-1.528446E+00    1.501239E+00   
-1.552240E+00    1.542185E+00   
-1.576378E+00    1.583795E+00   
-1.600861E+00    1.626073E+00   
-1.625693E+00    1.669026E+00   
-1.650874E+00    1.712660E+00   
-1.676407E+00    1.756979E+00   
-1.702292E+00    1.801989E+00   
-1.728531E+00    1.847694E+00   
-1.755125E+00    1.894097E+00   
-1.782074E+00    1.941204E+00   
-1.809379E+00    1.989016E+00   
-1.837040E+00    2.037538E+00   
-1.865057E+00    2.086770E+00   
-1.893428E+00    2.136716E+00   
-1.922154E+00    2.187376E+00   
-1.951234E+00    2.238752E+00   
-1.980664E+00    2.290843E+00   
-2.010445E+00    2.343648E+00   
-2.040572E+00    2.397167E+00   
-2.071044E+00    2.451398E+00   
-2.101858E+00    2.506338E+00   
-2.133009E+00    2.561983E+00   
-2.164494E+00    2.618330E+00   
-2.196308E+00    2.675374E+00   
-2.228445E+00    2.733107E+00   
-2.260901E+00    2.791525E+00   
-2.293669E+00    2.850618E+00   
-2.326742E+00    2.910377E+00   
-2.360113E+00    2.970794E+00   
-2.393774E+00    3.031857E+00   
-2.427716E+00    3.093553E+00   
-2.461930E+00    3.155870E+00   
-2.496407E+00    3.218794E+00   
-2.531135E+00    3.282308E+00   
-2.566104E+00    3.346396E+00   
-2.601302E+00    3.411039E+00   
-2.636715E+00    3.476219E+00   
-2.672331E+00    3.541913E+00   
-2.708135E+00    3.608101E+00   
-2.744113E+00    3.674757E+00   
-2.780249E+00    3.741858E+00   
-2.816526E+00    3.809376E+00   
-2.852927E+00    3.877283E+00   
-2.889435E+00    3.945550E+00   
-2.926030E+00    4.014146E+00   
-2.962692E+00    4.083037E+00   
-2.999402E+00    4.152190E+00   
-3.036137E+00    4.221568E+00   
-3.072877E+00    4.291135E+00   
-3.109598E+00    4.360850E+00   
-3.146276E+00    4.430674E+00   
-3.182888E+00    4.500564E+00   
-3.219407E+00    4.570476E+00   
-3.255808E+00    4.640365E+00   
-3.292064E+00    4.710185E+00   
-3.328149E+00    4.779887E+00   
-3.364033E+00    4.849420E+00   
-3.399687E+00    4.918734E+00   
-3.435084E+00    4.987776E+00   
-3.470192E+00    5.056493E+00   
-3.504981E+00    5.124827E+00   
-3.539420E+00    5.192725E+00   
-3.573477E+00    5.260126E+00   
-3.607120E+00    5.326973E+00   
-3.640317E+00    5.393206E+00   
-3.673035E+00    5.458764E+00   
-3.705240E+00    5.523586E+00   
-3.736899E+00    5.587609E+00   
-3.767980E+00    5.650769E+00   
-3.798447E+00    5.713005E+00   
-3.828268E+00    5.774250E+00   
-3.857408E+00    5.834443E+00   
-3.885834E+00    5.893517E+00   
-3.913512E+00    5.951409E+00   
-3.940410E+00    6.008053E+00   
-3.966494E+00    6.063387E+00   
-3.991732E+00    6.117346E+00   
-4.016091E+00    6.169867E+00   
-4.039540E+00    6.220886E+00   
-4.062048E+00    6.270343E+00   
-4.083585E+00    6.318177E+00   
-4.104121E+00    6.364327E+00   
-4.123627E+00    6.408736E+00   
-4.142077E+00    6.451345E+00   
-4.159442E+00    6.492100E+00   
-4.175698E+00    6.530948E+00   
-4.190820E+00    6.567835E+00   
-4.204785E+00    6.602712E+00   
-4.217571E+00    6.635531E+00   
-4.229158E+00    6.666247E+00   
-4.239526E+00    6.694818E+00   
-4.248658E+00    6.721201E+00   
-4.256538E+00    6.745361E+00   
-4.263151E+00    6.767261E+00   
-4.268486E+00    6.786871E+00   
-4.272530E+00    6.804160E+00   
-4.275275E+00    6.819103E+00   
-4.276713E+00    6.831677E+00   
-4.276838E+00    6.841863E+00   
-4.275647E+00    6.849644E+00   
-4.273137E+00    6.855009E+00   
-4.269309E+00    6.857947E+00   
-4.264164E+00    6.858452E+00   
-4.257707E+00    6.856524E+00   
-4.249941E+00    6.852161E+00   
-4.240875E+00    6.845370E+00   
-4.230519E+00    6.836159E+00   
-4.218882E+00    6.824537E+00   
-4.205978E+00    6.810522E+00   
-4.191821E+00    6.794131E+00   
-4.176427E+00    6.775386E+00   
-4.159815E+00    6.754311E+00   
-4.142004E+00    6.730936E+00   
-4.123015E+00    6.705291E+00   
-4.102871E+00    6.677410E+00   
-4.081596E+00    6.647331E+00   
-4.059214E+00    6.615093E+00   
-4.035753E+00    6.580740E+00   
-4.011242E+00    6.544317E+00   
-3.985707E+00    6.505870E+00   
-3.959181E+00    6.465450E+00   
-3.931695E+00    6.423110E+00   
-3.903279E+00    6.378903E+00   
-3.873968E+00    6.332885E+00   
-3.843794E+00    6.285113E+00   
-3.812793E+00    6.235648E+00   
-3.780999E+00    6.184549E+00   
-3.748447E+00    6.131879E+00   
-3.715173E+00    6.077700E+00   
-3.681214E+00    6.022076E+00   
-3.646605E+00    5.965072E+00   
-3.611384E+00    5.906753E+00   
-3.575586E+00    5.847184E+00   
-3.539249E+00    5.786432E+00   
-3.502408E+00    5.724563E+00   
-3.465101E+00    5.661644E+00   
-3.427362E+00    5.597739E+00   
-3.389230E+00    5.532916E+00   
-3.350737E+00    5.467239E+00   
-3.311921E+00    5.400774E+00   
-3.272815E+00    5.333585E+00   
-3.233453E+00    5.265737E+00   
-3.193870E+00    5.197291E+00   
-3.154098E+00    5.128310E+00   
-3.114169E+00    5.058855E+00   
-3.074115E+00    4.988986E+00   
-3.033966E+00    4.918761E+00   
-2.993753E+00    4.848239E+00   
-2.953506E+00    4.777475E+00   
-2.913251E+00    4.706524E+00   
-2.873018E+00    4.635440E+00   
-2.832832E+00    4.564274E+00   
-2.792719E+00    4.493077E+00   
-2.752705E+00    4.421898E+00   
-2.712813E+00    4.350785E+00   
-2.673066E+00    4.279781E+00   
-2.633486E+00    4.208933E+00   
-2.594096E+00    4.138282E+00   
-2.554914E+00    4.067869E+00   
-2.515960E+00    3.997732E+00   
-2.477253E+00    3.927910E+00   
-2.438809E+00    3.858439E+00   
-2.400647E+00    3.789351E+00   
-2.362780E+00    3.720681E+00   
-2.325225E+00    3.652457E+00   
-2.287994E+00    3.584711E+00   
-2.251102E+00    3.517469E+00   
-2.214559E+00    3.450758E+00   
-2.178378E+00    3.384602E+00   
-2.142570E+00    3.319024E+00   
-2.107143E+00    3.254046E+00   
-2.072107E+00    3.189687E+00   
-2.037470E+00    3.125967E+00   
-2.003240E+00    3.062903E+00   
-1.969423E+00    3.000511E+00   
-1.936026E+00    2.938805E+00   
-1.903055E+00    2.877799E+00   
-1.870513E+00    2.817505E+00   
-1.838405E+00    2.757934E+00   
-1.806736E+00    2.699096E+00   
-1.775507E+00    2.640999E+00   
-1.744722E+00    2.583652E+00   
-1.714382E+00    2.527061E+00   
-1.684489E+00    2.471231E+00   
-1.655045E+00    2.416167E+00   
-1.626049E+00    2.361873E+00   
-1.597502E+00    2.308353E+00   
-1.569403E+00    2.255607E+00   
-1.541752E+00    2.203638E+00   
-1.514548E+00    2.152446E+00   
-1.487790E+00    2.102030E+00   
-1.461475E+00    2.052390E+00   
-1.435602E+00    2.003525E+00   
-1.410168E+00    1.955431E+00   
-1.385171E+00    1.908108E+00   
-1.360608E+00    1.861550E+00   
-1.336475E+00    1.815756E+00   
-1.312770E+00    1.770719E+00   
-1.289490E+00    1.726437E+00   
-1.266629E+00    1.682902E+00   
-1.244184E+00    1.640111E+00   
-1.222152E+00    1.598058E+00   
-1.200528E+00    1.556735E+00   
-1.179307E+00    1.516136E+00   
-1.158486E+00    1.476256E+00   
-1.138058E+00    1.437085E+00   
-1.118021E+00    1.398619E+00   
-1.098369E+00    1.360847E+00   
-1.079097E+00    1.323764E+00   
-1.060199E+00    1.287361E+00   
-1.041672E+00    1.251629E+00   
-1.023510E+00    1.216561E+00   
-1.005708E+00    1.182148E+00   
-9.882606E-01    1.148382E+00   
-9.711627E-01    1.115254E+00   
-9.544090E-01    1.082756E+00   
-9.379944E-01    1.050878E+00   
-9.219136E-01    1.019612E+00   
-9.061614E-01    9.889486E-01   
-8.907326E-01    9.588795E-01   
-8.756218E-01    9.293954E-01   
-8.608240E-01    9.004876E-01   
-8.463338E-01    8.721469E-01   
-8.321462E-01    8.443646E-01   
-8.182559E-01    8.171317E-01   
-8.046578E-01    7.904393E-01   
-7.913469E-01    7.642786E-01   
-7.783181E-01    7.386408E-01   
-7.655664E-01    7.135170E-01   
-7.530867E-01    6.888986E-01   
-7.408743E-01    6.647768E-01   
-7.289242E-01    6.411432E-01   
-7.172315E-01    6.179892E-01   
-7.057916E-01    5.953063E-01   
-6.945996E-01    5.730862E-01   
-6.836510E-01    5.513205E-01   
-6.729411E-01    5.300011E-01   
-6.624653E-01    5.091197E-01   
-6.522192E-01    4.886685E-01   
-6.421984E-01    4.686394E-01   
-6.323984E-01    4.490246E-01   
-6.228149E-01    4.298163E-01   
-6.134438E-01    4.110069E-01   
-6.042808E-01    3.925889E-01   
-5.953218E-01    3.745548E-01   
-5.865628E-01    3.568972E-01   
-5.779997E-01    3.396090E-01   
-5.696286E-01    3.226829E-01   
-5.614456E-01    3.061120E-01   
-5.534470E-01    2.898893E-01   
-5.456290E-01    2.740080E-01   
-5.379880E-01    2.584614E-01   
-5.305202E-01    2.432430E-01   
-5.232222E-01    2.283461E-01   
-5.160905E-01    2.137645E-01   
-5.091216E-01    1.994917E-01   
-5.023122E-01    1.855218E-01   
-4.956590E-01    1.718485E-01   
-4.891587E-01    1.584659E-01   
-4.828081E-01    1.453682E-01   
-4.766041E-01    1.325495E-01   
-4.705437E-01    1.200043E-01   
-4.646239E-01    1.077269E-01   
-4.588416E-01    9.571194E-02   
-4.531940E-01    8.395403E-02   
-4.476783E-01    7.244792E-02   
-4.422917E-01    6.118843E-02   
-4.370314E-01    5.017051E-02   
-4.318947E-01    3.938919E-02   
-4.268792E-01    2.883958E-02   
-4.219821E-01    1.851691E-02   
-4.172009E-01    8.416487E-03   
-4.125333E-01   -1.466290E-03   
-4.079767E-01   -1.113593E-02   
-4.035288E-01   -2.059686E-02   
-3.991874E-01   -2.985342E-02   
-3.949500E-01   -3.890985E-02   
-3.908145E-01   -4.777033E-02   
-3.867788E-01   -5.643893E-02   
-3.828406E-01   -6.491966E-02   
-3.789979E-01   -7.321645E-02   
-3.752486E-01   -8.133312E-02   
-3.715908E-01   -8.927346E-02   
-3.680224E-01   -9.704115E-02   
-3.645416E-01   -1.046398E-01   
-3.611464E-01   -1.120730E-01   
-3.578351E-01   -1.193441E-01   
-3.546058E-01   -1.264566E-01   
-3.514568E-01   -1.334138E-01   
-3.483863E-01   -1.402190E-01   
-3.453926E-01   -1.468753E-01   
-3.424741E-01   -1.533858E-01   
-3.396292E-01   -1.597538E-01   
-3.368563E-01   -1.659820E-01   
-3.341539E-01   -1.720735E-01   
-3.315203E-01   -1.780312E-01   
-3.289542E-01   -1.838578E-01   
-3.264541E-01   -1.895561E-01   
-3.240186E-01   -1.951288E-01   
-3.216462E-01   -2.005785E-01   
-3.193356E-01   -2.059079E-01   
-3.170856E-01   -2.111194E-01   
-3.148947E-01   -2.162155E-01   
-3.127618E-01   -2.211987E-01   
-3.106855E-01   -2.260714E-01   
-3.086646E-01   -2.308357E-01   
-3.066981E-01   -2.354941E-01   
-3.047846E-01   -2.400488E-01   
-3.029230E-01   -2.445018E-01   
-3.011123E-01   -2.488554E-01   
-2.993513E-01   -2.531117E-01   
-2.976391E-01   -2.572726E-01   
-2.959744E-01   -2.613402E-01   
-2.943563E-01   -2.653165E-01   
-2.927839E-01   -2.692033E-01   
-2.912561E-01   -2.730025E-01   
-2.897719E-01   -2.767160E-01   
-2.883305E-01   -2.803455E-01   
-2.869309E-01   -2.838929E-01   
-2.855722E-01   -2.873597E-01   
-2.842536E-01   -2.907478E-01   
-2.829741E-01   -2.940587E-01   
-2.817330E-01   -2.972941E-01   
-2.805295E-01   -3.004555E-01   
-2.793626E-01   -3.035445E-01   
-2.782317E-01   -3.065627E-01   
-2.771360E-01   -3.095113E-01   
-2.760747E-01   -3.123920E-01   
-2.750471E-01   -3.152062E-01   
-2.740525E-01   -3.179551E-01   
-2.730901E-01   -3.206402E-01   
-2.721593E-01   -3.232629E-01   
-2.712594E-01   -3.258243E-01   
-2.703897E-01   -3.283258E-01   
-2.695497E-01   -3.307686E-01   
-2.687386E-01   -3.331540E-01   
-2.679559E-01   -3.354831E-01   
-2.672009E-01   -3.377571E-01   
-2.664730E-01   -3.399771E-01   
-2.657718E-01   -3.421442E-01   
-2.650966E-01   -3.442596E-01   
-2.644468E-01   -3.463244E-01   
-2.638219E-01   -3.483395E-01   
-2.632215E-01   -3.503059E-01   
-2.626449E-01   -3.522248E-01   
-2.620917E-01   -3.540971E-01   
-2.615613E-01   -3.559237E-01   
-2.610534E-01   -3.577055E-01   
-2.605673E-01   -3.594436E-01   
-2.601027E-01   -3.611388E-01   
-2.596590E-01   -3.627920E-01   
-2.592360E-01   -3.644040E-01   
-2.588330E-01   -3.659757E-01   
-2.584497E-01   -3.675080E-01   
-2.580856E-01   -3.690016E-01   
-2.577405E-01   -3.704573E-01   
-2.574137E-01   -3.718760E-01   
-2.571051E-01   -3.732583E-01   
-2.568141E-01   -3.746050E-01   
-2.565404E-01   -3.759169E-01   
-2.562837E-01   -3.771947E-01   
-2.560435E-01   -3.784390E-01   
-2.558196E-01   -3.796505E-01   
-2.556115E-01   -3.808300E-01   
-2.554190E-01   -3.819781E-01   
-2.552417E-01   -3.830954E-01   
-2.550793E-01   -3.841825E-01   
-2.549315E-01   -3.852401E-01   
-2.547979E-01   -3.862688E-01   
-2.546783E-01   -3.872691E-01   
-2.545724E-01   -3.882417E-01   
-2.544799E-01   -3.891871E-01   
-2.544004E-01   -3.901058E-01   
-2.543338E-01   -3.909985E-01   
-2.542797E-01   -3.918656E-01   
-2.542379E-01   -3.927076E-01   
-2.542081E-01   -3.935252E-01   
-2.541900E-01   -3.943187E-01   
-2.541835E-01   -3.950887E-01   
-2.541882E-01   -3.958356E-01   
-2.542040E-01   -3.965599E-01   
-2.542305E-01   -3.972621E-01   
-2.542676E-01   -3.979426E-01   
-2.543150E-01   -3.986020E-01   
-2.543725E-01   -3.992405E-01   
-2.544399E-01   -3.998586E-01   
-2.545170E-01   -4.004568E-01   
-2.546036E-01   -4.010354E-01   
-2.546994E-01   -4.015949E-01   
-2.548043E-01   -4.021356E-01   
-2.549181E-01   -4.026579E-01   
-2.550406E-01   -4.031623E-01   
-2.551716E-01   -4.036490E-01   
-2.553108E-01   -4.041184E-01   
-2.554582E-01   -4.045709E-01   
-2.556136E-01   -4.050068E-01   
-2.557768E-01   -4.054265E-01   
-2.559475E-01   -4.058303E-01   
-2.561257E-01   -4.062185E-01   
-2.563113E-01   -4.065915E-01   
-2.565039E-01   -4.069495E-01   
-2.567035E-01   -4.072928E-01   
-2.569099E-01   -4.076218E-01   
-2.571230E-01   -4.079368E-01   
-2.573427E-01   -4.082379E-01   
-2.575687E-01   -4.085257E-01   
-2.578009E-01   -4.088002E-01   
-2.580393E-01   -4.090617E-01   
-2.582836E-01   -4.093106E-01   
-2.585337E-01   -4.095471E-01   
-2.587896E-01   -4.097715E-01   
-2.590510E-01   -4.099839E-01   
-2.593179E-01   -4.101847E-01   
-2.595901E-01   -4.103741E-01   
-2.598676E-01   -4.105523E-01   
-2.601501E-01   -4.107196E-01   
-2.604376E-01   -4.108761E-01   
-2.607300E-01   -4.110221E-01   
-2.610271E-01   -4.111579E-01   
-2.613289E-01   -4.112835E-01   
-2.616352E-01   -4.113994E-01   
-2.619460E-01   -4.115055E-01   
-2.622611E-01   -4.116022E-01   
-2.625804E-01   -4.116897E-01   
-2.629039E-01   -4.117681E-01   
-2.632314E-01   -4.118376E-01   
-2.635629E-01   -4.118984E-01   
-2.638982E-01   -4.119507E-01   
-2.642373E-01   -4.119947E-01   
-2.645801E-01   -4.120305E-01   
-2.649265E-01   -4.120583E-01   
-2.652763E-01   -4.120784E-01   
-2.656296E-01   -4.120907E-01   
-2.659862E-01   -4.120956E-01   
-2.663461E-01   -4.120932E-01   
-2.667092E-01   -4.120836E-01   
-2.670753E-01   -4.120669E-01   
-2.674445E-01   -4.120434E-01   
-2.678166E-01   -4.120132E-01   
