-4.363066E-01   -2.444769E-01   
-4.358816E-01   -2.452150E-01   
-4.354544E-01   -2.459520E-01   
-4.350250E-01   -2.466879E-01   
-4.345933E-01   -2.474227E-01   
-4.341594E-01   -2.481563E-01   
-4.337233E-01   -2.488888E-01   
-4.332849E-01   -2.496202E-01   
-4.328444E-01   -2.503504E-01   
-4.324016E-01   -2.510794E-01   
-4.319567E-01   -2.518073E-01   
-4.315095E-01   -2.525340E-01   
-4.310601E-01   -2.532595E-01   
-4.306086E-01   -2.539839E-01   
-4.301548E-01   -2.547070E-01   
-4.296989E-01   -2.554290E-01   
-4.292408E-01   -2.561497E-01   
-4.287806E-01   -2.568692E-01   
-4.283181E-01   -2.575875E-01   
-4.278535E-01   -2.583046E-01   
-4.273868E-01   -2.590204E-01   
-4.269179E-01   -2.597350E-01   
-4.264468E-01   -2.604483E-01   
-4.259736E-01   -2.611604E-01   
-4.254983E-01   -2.618712E-01   
-4.250208E-01   -2.625808E-01   
-4.245412E-01   -2.632890E-01   
-4.240595E-01   -2.639960E-01   
-4.235757E-01   -2.647017E-01   
-4.230898E-01   -2.654061E-01   
-4.226017E-01   -2.661092E-01   
-4.221116E-01   -2.668109E-01   
-4.216193E-01   -2.675114E-01   
-4.211250E-01   -2.682105E-01   
-4.206286E-01   -2.689083E-01   
-4.201301E-01   -2.696048E-01   
-4.196295E-01   -2.702999E-01   
-4.191268E-01   -2.709937E-01   
-4.186221E-01   -2.716861E-01   
-4.181154E-01   -2.723771E-01   
-4.176065E-01   -2.730668E-01   
-4.170957E-01   -2.737551E-01   
-4.165827E-01   -2.744420E-01   
-4.160678E-01   -2.751275E-01   
-4.155508E-01   -2.758117E-01   
-4.150318E-01   -2.764944E-01   
-4.145107E-01   -2.771757E-01   
-4.139877E-01   -2.778556E-01   
-4.134626E-01   -2.785340E-01   
-4.129355E-01   -2.792111E-01   
-4.124065E-01   -2.798867E-01   
-4.118754E-01   -2.805608E-01   
-4.113424E-01   -2.812335E-01   
-4.108073E-01   -2.819048E-01   
-4.102703E-01   -2.825745E-01   
-4.097313E-01   -2.832429E-01   
-4.091904E-01   -2.839097E-01   
-4.086475E-01   -2.845751E-01   
-4.081026E-01   -2.852389E-01   
-4.075558E-01   -2.859013E-01   
-4.070070E-01   -2.865622E-01   
-4.064563E-01   -2.872216E-01   
-4.059037E-01   -2.878794E-01   
-4.053492E-01   -2.885358E-01   
-4.047927E-01   -2.891906E-01   
-4.042343E-01   -2.898439E-01   
-4.036740E-01   -2.904956E-01   
-4.031118E-01   -2.911458E-01   
-4.025477E-01   -2.917945E-01   
-4.019818E-01   -2.924416E-01   
-4.014139E-01   -2.930871E-01   
-4.008442E-01   -2.937311E-01   
-4.002726E-01   -2.943735E-01   
-3.996991E-01   -2.950143E-01   
-3.991237E-01   -2.956535E-01   
-3.985466E-01   -2.962912E-01   
-3.979675E-01   -2.969272E-01   
-3.973866E-01   -2.975616E-01   
-3.968039E-01   -2.981944E-01   
-3.962194E-01   -2.988257E-01   
-3.956330E-01   -2.994552E-01   
-3.950448E-01   -3.000832E-01   
-3.944548E-01   -3.007095E-01   
-3.938630E-01   -3.013342E-01   
-3.932694E-01   -3.019573E-01   
-3.926740E-01   -3.025787E-01   
-3.920769E-01   -3.031984E-01   
-3.914779E-01   -3.038165E-01   
-3.908772E-01   -3.044329E-01   
-3.902747E-01   -3.050476E-01   
-3.896705E-01   -3.056606E-01   
-3.890644E-01   -3.062720E-01   
-3.884567E-01   -3.068817E-01   
-3.878472E-01   -3.074897E-01   
-3.872360E-01   -3.080959E-01   
-3.866230E-01   -3.087005E-01   
-3.860083E-01   -3.093034E-01   
-3.853919E-01   -3.099045E-01   
-3.847738E-01   -3.105039E-01   
-3.841540E-01   -3.111016E-01   
-3.835325E-01   -3.116975E-01   
-3.829093E-01   -3.122918E-01   
-3.822845E-01   -3.128842E-01   
-3.816579E-01   -3.134749E-01   
-3.810297E-01   -3.140639E-01   
-3.803998E-01   -3.146511E-01   
-3.797683E-01   -3.152365E-01   
-3.791351E-01   -3.158201E-01   
-3.785003E-01   -3.164020E-01   
-3.778638E-01   -3.169821E-01   
-3.772258E-01   -3.175604E-01   
-3.765860E-01   -3.181369E-01   
-3.759447E-01   -3.187116E-01   
-3.753018E-01   -3.192845E-01   
-3.746573E-01   -3.198556E-01   
-3.740111E-01   -3.204248E-01   
-3.733634E-01   -3.209923E-01   
-3.727141E-01   -3.215579E-01   
-3.720632E-01   -3.221217E-01   
-3.714108E-01   -3.226836E-01   
-3.707568E-01   -3.232438E-01   
-3.701012E-01   -3.238020E-01   
-3.694441E-01   -3.243584E-01   
-3.687855E-01   -3.249130E-01   
-3.681253E-01   -3.254657E-01   
-3.674636E-01   -3.260165E-01   
-3.668004E-01   -3.265655E-01   
-3.661357E-01   -3.271126E-01   
-3.654694E-01   -3.276578E-01   
-3.648017E-01   -3.282011E-01   
-3.641325E-01   -3.287426E-01   
-3.634618E-01   -3.292821E-01   
-3.627896E-01   -3.298197E-01   
-3.621159E-01   -3.303555E-01   
-3.614408E-01   -3.308893E-01   
-3.607643E-01   -3.314212E-01   
-3.600862E-01   -3.319512E-01   
-3.594068E-01   -3.324792E-01   
-3.587259E-01   -3.330053E-01   
-3.580436E-01   -3.335295E-01   
-3.573598E-01   -3.340518E-01   
-3.566747E-01   -3.345721E-01   
-3.559882E-01   -3.350905E-01   
-3.553002E-01   -3.356069E-01   
-3.546109E-01   -3.361214E-01   
-3.539201E-01   -3.366339E-01   
-3.532280E-01   -3.371444E-01   
-3.525346E-01   -3.376530E-01   
-3.518398E-01   -3.381595E-01   
-3.511436E-01   -3.386641E-01   
-3.504461E-01   -3.391668E-01   
-3.497472E-01   -3.396674E-01   
-3.490470E-01   -3.401660E-01   
-3.483455E-01   -3.406627E-01   
-3.476427E-01   -3.411573E-01   
-3.469385E-01   -3.416500E-01   
-3.462331E-01   -3.421406E-01   
-3.455263E-01   -3.426292E-01   
-3.448183E-01   -3.431158E-01   
-3.441090E-01   -3.436004E-01   
-3.433985E-01   -3.440829E-01   
-3.426866E-01   -3.445634E-01   
-3.419735E-01   -3.450419E-01   
-3.412592E-01   -3.455184E-01   
-3.405436E-01   -3.459928E-01   
-3.398268E-01   -3.464651E-01   
-3.391088E-01   -3.469354E-01   
-3.383895E-01   -3.474036E-01   
-3.376690E-01   -3.478698E-01   
-3.369474E-01   -3.483339E-01   
-3.362245E-01   -3.487960E-01   
-3.355004E-01   -3.492559E-01   
-3.347752E-01   -3.497138E-01   
-3.340488E-01   -3.501697E-01   
-3.333212E-01   -3.506234E-01   
-3.325925E-01   -3.510750E-01   
-3.318626E-01   -3.515246E-01   
-3.311316E-01   -3.519721E-01   
-3.303995E-01   -3.524174E-01   
-3.296662E-01   -3.528607E-01   
-3.289318E-01   -3.533018E-01   
-3.281963E-01   -3.537408E-01   
-3.274597E-01   -3.541778E-01   
-3.267220E-01   -3.546126E-01   
-3.259832E-01   -3.550452E-01   
-3.252433E-01   -3.554758E-01   
-3.245024E-01   -3.559042E-01   
-3.237604E-01   -3.563305E-01   
-3.230173E-01   -3.567547E-01   
-3.222732E-01   -3.571767E-01   
-3.215281E-01   -3.575965E-01   
-3.207819E-01   -3.580143E-01   
-3.200347E-01   -3.584298E-01   
-3.192865E-01   -3.588433E-01   
-3.185373E-01   -3.592545E-01   
-3.177871E-01   -3.596636E-01   
-3.170359E-01   -3.600705E-01   
-3.162837E-01   -3.604753E-01   
-3.155305E-01   -3.608779E-01   
-3.147764E-01   -3.612783E-01   
-3.140213E-01   -3.616765E-01   
-3.132652E-01   -3.620726E-01   
-3.125082E-01   -3.624664E-01   
-3.117503E-01   -3.628581E-01   
-3.109914E-01   -3.632476E-01   
-3.102317E-01   -3.636349E-01   
-3.094710E-01   -3.640200E-01   
-3.087094E-01   -3.644028E-01   
-3.079469E-01   -3.647835E-01   
-3.071835E-01   -3.651620E-01   
-3.064193E-01   -3.655382E-01   
-3.056542E-01   -3.659123E-01   
-3.048882E-01   -3.662841E-01   
-3.041214E-01   -3.666537E-01   
-3.033537E-01   -3.670211E-01   
-3.025852E-01   -3.673862E-01   
-3.018158E-01   -3.677492E-01   
-3.010457E-01   -3.681098E-01   
-3.002747E-01   -3.684683E-01   
-2.995029E-01   -3.688245E-01   
-2.987303E-01   -3.691785E-01   
-2.979570E-01   -3.695302E-01   
-2.971828E-01   -3.698796E-01   
-2.964079E-01   -3.702269E-01   
-2.956322E-01   -3.705718E-01   
-2.948558E-01   -3.709145E-01   
-2.940786E-01   -3.712550E-01   
-2.933007E-01   -3.715931E-01   
-2.925220E-01   -3.719291E-01   
-2.917426E-01   -3.722627E-01   
-2.909626E-01   -3.725941E-01   
-2.901818E-01   -3.729232E-01   
-2.894003E-01   -3.732500E-01   
-2.886181E-01   -3.735745E-01   
-2.878352E-01   -3.738968E-01   
-2.870517E-01   -3.742167E-01   
-2.862675E-01   -3.745344E-01   
-2.854827E-01   -3.748498E-01   
-2.846972E-01   -3.751629E-01   
-2.839111E-01   -3.754737E-01   
-2.831243E-01   -3.757822E-01   
-2.823370E-01   -3.760884E-01   
-2.815490E-01   -3.763923E-01   
-2.807604E-01   -3.766939E-01   
-2.799712E-01   -3.769931E-01   
-2.791814E-01   -3.772901E-01   
-2.783911E-01   -3.775847E-01   
-2.776002E-01   -3.778771E-01   
-2.768087E-01   -3.781671E-01   
-2.760167E-01   -3.784547E-01   
-2.752241E-01   -3.787401E-01   
-2.744310E-01   -3.790231E-01   
-2.736374E-01   -3.793038E-01   
-2.728432E-01   -3.795822E-01   
-2.720486E-01   -3.798582E-01   
-2.712534E-01   -3.801319E-01   
-2.704578E-01   -3.804033E-01   
-2.696616E-01   -3.806723E-01   
-2.688650E-01   -3.809389E-01   
-2.680680E-01   -3.812032E-01   
-2.672704E-01   -3.814652E-01   
-2.664725E-01   -3.817248E-01   
-2.656741E-01   -3.819821E-01   
-2.648752E-01   -3.822370E-01   
-2.640759E-01   -3.824895E-01   
-2.632763E-01   -3.827397E-01   
-2.624762E-01   -3.829875E-01   
-2.616757E-01   -3.832330E-01   
-2.608749E-01   -3.834761E-01   
-2.600736E-01   -3.837168E-01   
-2.592720E-01   -3.839551E-01   
-2.584700E-01   -3.841911E-01   
-2.576677E-01   -3.844247E-01   
-2.568651E-01   -3.846559E-01   
-2.560621E-01   -3.848847E-01   
-2.552587E-01   -3.851111E-01   
-2.544551E-01   -3.853352E-01   
-2.536512E-01   -3.855568E-01   
-2.528469E-01   -3.857761E-01   
-2.520424E-01   -3.859930E-01   
-2.512376E-01   -3.862075E-01   
-2.504325E-01   -3.864196E-01   
-2.496272E-01   -3.866293E-01   
-2.488216E-01   -3.868366E-01   
-2.480158E-01   -3.870414E-01   
-2.472097E-01   -3.872439E-01   
-2.464034E-01   -3.874440E-01   
-2.455969E-01   -3.876417E-01   
-2.447902E-01   -3.878369E-01   
-2.439832E-01   -3.880297E-01   
-2.431761E-01   -3.882202E-01   
-2.423688E-01   -3.884082E-01   
-2.415614E-01   -3.885937E-01   
-2.407538E-01   -3.887769E-01   
-2.399460E-01   -3.889576E-01   
-2.391381E-01   -3.891359E-01   
-2.383300E-01   -3.893118E-01   
-2.375218E-01   -3.894853E-01   
-2.367136E-01   -3.896563E-01   
-2.359052E-01   -3.898248E-01   
-2.350967E-01   -3.899910E-01   
-2.342881E-01   -3.901547E-01   
-2.334794E-01   -3.903159E-01   
-2.326707E-01   -3.904748E-01   
-2.318619E-01   -3.906311E-01   
-2.310530E-01   -3.907851E-01   
-2.302441E-01   -3.909365E-01   
-2.294352E-01   -3.910856E-01   
-2.286263E-01   -3.912321E-01   
-2.278173E-01   -3.913762E-01   
-2.270084E-01   -3.915179E-01   
-2.261994E-01   -3.916571E-01   
-2.253905E-01   -3.917938E-01   
-2.245816E-01   -3.919281E-01   
-2.237727E-01   -3.920599E-01   
-2.229638E-01   -3.921892E-01   
-2.221550E-01   -3.923161E-01   
-2.213463E-01   -3.924405E-01   
-2.205377E-01   -3.925624E-01   
-2.197291E-01   -3.926819E-01   
-2.189206E-01   -3.927988E-01   
-2.181122E-01   -3.929133E-01   
-2.173040E-01   -3.930253E-01   
-2.164958E-01   -3.931348E-01   
-2.156878E-01   -3.932419E-01   
-2.148799E-01   -3.933464E-01   
-2.140722E-01   -3.934484E-01   
-2.132646E-01   -3.935480E-01   
-2.124572E-01   -3.936451E-01   
-2.116500E-01   -3.937396E-01   
-2.108430E-01   -3.938317E-01   
-2.100361E-01   -3.939212E-01   
-2.092295E-01   -3.940083E-01   
-2.084231E-01   -3.940928E-01   
-2.076169E-01   -3.941749E-01   
-2.068109E-01   -3.942544E-01   
-2.060052E-01   -3.943314E-01   
-2.051998E-01   -3.944059E-01   
-2.043946E-01   -3.944779E-01   
-2.035897E-01   -3.945473E-01   
-2.027851E-01   -3.946143E-01   
-2.019808E-01   -3.946787E-01   
-2.011768E-01   -3.947406E-01   
-2.003731E-01   -3.947999E-01   
-1.995698E-01   -3.948567E-01   
-1.987668E-01   -3.949110E-01   
-1.979641E-01   -3.949628E-01   
-1.971618E-01   -3.950120E-01   
-1.963599E-01   -3.950586E-01   
-1.955583E-01   -3.951028E-01   
-1.947571E-01   -3.951443E-01   
-1.939564E-01   -3.951833E-01   
-1.931560E-01   -3.952198E-01   
-1.923561E-01   -3.952537E-01   
-1.915566E-01   -3.952851E-01   
-1.907575E-01   -3.953139E-01   
-1.899589E-01   -3.953401E-01   
-1.891608E-01   -3.953638E-01   
-1.883631E-01   -3.953849E-01   
-1.875660E-01   -3.954034E-01   
-1.867693E-01   -3.954193E-01   
-1.859731E-01   -3.954327E-01   
-1.851775E-01   -3.954435E-01   
-1.843823E-01   -3.954517E-01   
-1.835878E-01   -3.954573E-01   
-1.827937E-01   -3.954603E-01   
-1.820003E-01   -3.954607E-01   
-1.812074E-01   -3.954586E-01   
-1.804150E-01   -3.954538E-01   
-1.796233E-01   -3.954464E-01   
-1.788322E-01   -3.954365E-01   
-1.780417E-01   -3.954239E-01   
-1.772518E-01   -3.954087E-01   
-1.764626E-01   -3.953909E-01   
-1.756740E-01   -3.953704E-01   
-1.748861E-01   -3.953474E-01   
-1.740989E-01   -3.953217E-01   
-1.733123E-01   -3.952934E-01   
-1.725265E-01   -3.952625E-01   
-1.717413E-01   -3.952289E-01   
-1.709569E-01   -3.951926E-01   
-1.701732E-01   -3.951538E-01   
-1.693903E-01   -3.951123E-01   
-1.686081E-01   -3.950681E-01   
-1.678267E-01   -3.950213E-01   
-1.670460E-01   -3.949718E-01   
-1.662662E-01   -3.949196E-01   
-1.654871E-01   -3.948648E-01   
-1.647089E-01   -3.948073E-01   
-1.639315E-01   -3.947471E-01   
-1.631549E-01   -3.946842E-01   
-1.623792E-01   -3.946187E-01   
-1.616044E-01   -3.945504E-01   
-1.608304E-01   -3.944795E-01   
-1.600574E-01   -3.944059E-01   
-1.592852E-01   -3.943295E-01   
-1.585140E-01   -3.942505E-01   
-1.577436E-01   -3.941687E-01   
-1.569743E-01   -3.940842E-01   
-1.562058E-01   -3.939970E-01   
-1.554384E-01   -3.939070E-01   
-1.546719E-01   -3.938143E-01   
-1.539064E-01   -3.937189E-01   
-1.531420E-01   -3.936207E-01   
-1.523785E-01   -3.935198E-01   
-1.516161E-01   -3.934161E-01   
-1.508547E-01   -3.933097E-01   
-1.500944E-01   -3.932004E-01   
-1.493352E-01   -3.930884E-01   
-1.485771E-01   -3.929737E-01   
-1.478200E-01   -3.928561E-01   
-1.470641E-01   -3.927357E-01   
-1.463093E-01   -3.926126E-01   
-1.455557E-01   -3.924866E-01   
-1.448032E-01   -3.923578E-01   
-1.440519E-01   -3.922262E-01   
-1.433018E-01   -3.920917E-01   
-1.425529E-01   -3.919545E-01   
-1.418052E-01   -3.918144E-01   
-1.410587E-01   -3.916714E-01   
-1.403135E-01   -3.915256E-01   
-1.395696E-01   -3.913769E-01   
-1.388269E-01   -3.912253E-01   
-1.380855E-01   -3.910709E-01   
-1.373455E-01   -3.909136E-01   
-1.366067E-01   -3.907533E-01   
-1.358693E-01   -3.905902E-01   
-1.351333E-01   -3.904242E-01   
-1.343986E-01   -3.902552E-01   
-1.336653E-01   -3.900833E-01   
-1.329334E-01   -3.899085E-01   
-1.322030E-01   -3.897307E-01   
-1.314740E-01   -3.895500E-01   
-1.307464E-01   -3.893663E-01   
-1.300203E-01   -3.891796E-01   
-1.292957E-01   -3.889900E-01   
-1.285726E-01   -3.887973E-01   
-1.278510E-01   -3.886017E-01   
-1.271310E-01   -3.884030E-01   
-1.264125E-01   -3.882013E-01   
-1.256956E-01   -3.879966E-01   
-1.249803E-01   -3.877888E-01   
-1.242666E-01   -3.875780E-01   
-1.235546E-01   -3.873641E-01   
-1.228442E-01   -3.871471E-01   
-1.221354E-01   -3.869270E-01   
-1.214284E-01   -3.867038E-01   
-1.207230E-01   -3.864776E-01   
-1.200194E-01   -3.862481E-01   
-1.193175E-01   -3.860156E-01   
-1.186174E-01   -3.857799E-01   
-1.179190E-01   -3.855410E-01   
-1.172225E-01   -3.852990E-01   
-1.165278E-01   -3.850537E-01   
-1.158349E-01   -3.848053E-01   
-1.151439E-01   -3.845536E-01   
-1.144548E-01   -3.842987E-01   
-1.137676E-01   -3.840406E-01   
-1.130823E-01   -3.837791E-01   
-1.123990E-01   -3.835145E-01   
-1.117177E-01   -3.832465E-01   
-1.110383E-01   -3.829752E-01   
-1.103610E-01   -3.827006E-01   
-1.096857E-01   -3.824227E-01   
-1.090124E-01   -3.821414E-01   
-1.083413E-01   -3.818567E-01   
-1.076722E-01   -3.815687E-01   
-1.070053E-01   -3.812772E-01   
-1.063406E-01   -3.809823E-01   
-1.056780E-01   -3.806840E-01   
-1.050176E-01   -3.803822E-01   
-1.043595E-01   -3.800770E-01   
-1.037036E-01   -3.797682E-01   
-1.030500E-01   -3.794560E-01   
-1.023987E-01   -3.791402E-01   
-1.017497E-01   -3.788209E-01   
-1.011031E-01   -3.784979E-01   
-1.004589E-01   -3.781714E-01   
-9.981709E-02   -3.778413E-01   
-9.917772E-02   -3.775076E-01   
-9.854081E-02   -3.771702E-01   
-9.790640E-02   -3.768291E-01   
-9.727452E-02   -3.764843E-01   
-9.664518E-02   -3.761358E-01   
-9.601843E-02   -3.757835E-01   
-9.539429E-02   -3.754275E-01   
-9.477279E-02   -3.750677E-01   
-9.415396E-02   -3.747041E-01   
-9.353783E-02   -3.743366E-01   
-9.292444E-02   -3.739653E-01   
-9.231381E-02   -3.735901E-01   
-9.170597E-02   -3.732110E-01   
-9.110096E-02   -3.728279E-01   
-9.049881E-02   -3.724408E-01   
-8.989956E-02   -3.720498E-01   
-8.930323E-02   -3.716547E-01   
-8.870986E-02   -3.712556E-01   
-8.811949E-02   -3.708524E-01   
-8.753214E-02   -3.704451E-01   
-8.694787E-02   -3.700337E-01   
-8.636669E-02   -3.696181E-01   
-8.578865E-02   -3.691983E-01   
-8.521378E-02   -3.687743E-01   
-8.464213E-02   -3.683460E-01   
-8.407372E-02   -3.679134E-01   
-8.350860E-02   -3.674765E-01   
-8.294681E-02   -3.670353E-01   
-8.238838E-02   -3.665896E-01   
-8.183335E-02   -3.661395E-01   
-8.128177E-02   -3.656850E-01   
-8.073367E-02   -3.652260E-01   
-8.018910E-02   -3.647625E-01   
-7.964810E-02   -3.642943E-01   
-7.911071E-02   -3.638216E-01   
-7.857698E-02   -3.633443E-01   
-7.804694E-02   -3.628623E-01   
-7.752064E-02   -3.623756E-01   
-7.699813E-02   -3.618841E-01   
-7.647945E-02   -3.613878E-01   
-7.596464E-02   -3.608867E-01   
-7.545376E-02   -3.603807E-01   
-7.494685E-02   -3.598699E-01   
-7.444396E-02   -3.593540E-01   
-7.394514E-02   -3.588332E-01   
-7.345043E-02   -3.583074E-01   
-7.295989E-02   -3.577765E-01   
-7.247356E-02   -3.572404E-01   
-7.199149E-02   -3.566992E-01   
-7.151375E-02   -3.561528E-01   
-7.104037E-02   -3.556011E-01   
-7.057141E-02   -3.550441E-01   
-7.010693E-02   -3.544818E-01   
-6.964698E-02   -3.539141E-01   
-6.919162E-02   -3.533409E-01   
-6.874089E-02   -3.527622E-01   
-6.829485E-02   -3.521781E-01   
-6.785357E-02   -3.515883E-01   
-6.741710E-02   -3.509929E-01   
-6.698549E-02   -3.503918E-01   
-6.655881E-02   -3.497850E-01   
-6.613711E-02   -3.491724E-01   
-6.572046E-02   -3.485539E-01   
-6.530891E-02   -3.479296E-01   
-6.490253E-02   -3.472993E-01   
-6.450137E-02   -3.466631E-01   
-6.410550E-02   -3.460207E-01   
-6.371499E-02   -3.453723E-01   
-6.332989E-02   -3.447178E-01   
-6.295028E-02   -3.440570E-01   
-6.257621E-02   -3.433900E-01   
-6.220775E-02   -3.427166E-01   
-6.184497E-02   -3.420369E-01   
-6.148793E-02   -3.413507E-01   
-6.113670E-02   -3.406581E-01   
-6.079135E-02   -3.399590E-01   
-6.045195E-02   -3.392532E-01   
-6.011856E-02   -3.385408E-01   
-5.979126E-02   -3.378217E-01   
-5.947012E-02   -3.370958E-01   
-5.915520E-02   -3.363631E-01   
-5.884657E-02   -3.356236E-01   
-5.854432E-02   -3.348771E-01   
-5.824850E-02   -3.341236E-01   
-5.795919E-02   -3.333631E-01   
-5.767646E-02   -3.325954E-01   
-5.740039E-02   -3.318207E-01   
-5.713104E-02   -3.310387E-01   
-5.686850E-02   -3.302495E-01   
-5.661283E-02   -3.294529E-01   
-5.636411E-02   -3.286490E-01   
-5.612240E-02   -3.278376E-01   
-5.588780E-02   -3.270188E-01   
-5.566036E-02   -3.261924E-01   
-5.544016E-02   -3.253585E-01   
-5.522727E-02   -3.245169E-01   
-5.502177E-02   -3.236676E-01   
-5.482374E-02   -3.228106E-01   
-5.463324E-02   -3.219459E-01   
-5.445034E-02   -3.210733E-01   
-5.427513E-02   -3.201928E-01   
-5.410766E-02   -3.193044E-01   
-5.394802E-02   -3.184081E-01   
-5.379627E-02   -3.175037E-01   
-5.365248E-02   -3.165914E-01   
-5.351673E-02   -3.156709E-01   
-5.338908E-02   -3.147423E-01   
-5.326960E-02   -3.138056E-01   
-5.315835E-02   -3.128607E-01   
-5.305541E-02   -3.119076E-01   
-5.296084E-02   -3.109463E-01   
-5.287469E-02   -3.099767E-01   
-5.279704E-02   -3.089988E-01   
-5.272795E-02   -3.080126E-01   
-5.266746E-02   -3.070181E-01   
-5.261565E-02   -3.060152E-01   
-5.257257E-02   -3.050040E-01   
-5.253826E-02   -3.039844E-01   
-5.251279E-02   -3.029565E-01   
-5.249621E-02   -3.019202E-01   
-5.248855E-02   -3.008755E-01   
-5.248988E-02   -2.998225E-01   
-5.250022E-02   -2.987611E-01   
-5.251963E-02   -2.976914E-01   
-5.254813E-02   -2.966133E-01   
-5.258578E-02   -2.955270E-01   
-5.263259E-02   -2.944324E-01   
-5.268860E-02   -2.933295E-01   
-5.275383E-02   -2.922184E-01   
-5.282832E-02   -2.910992E-01   
-5.291207E-02   -2.899718E-01   
-5.300510E-02   -2.888364E-01   
-5.310743E-02   -2.876929E-01   
-5.321907E-02   -2.865415E-01   
-5.334002E-02   -2.853821E-01   
-5.347028E-02   -2.842150E-01   
-5.360985E-02   -2.830401E-01   
-5.375872E-02   -2.818575E-01   
-5.391688E-02   -2.806673E-01   
-5.408431E-02   -2.794697E-01   
-5.426100E-02   -2.782646E-01   
-5.444692E-02   -2.770523E-01   
-5.464203E-02   -2.758328E-01   
-5.484631E-02   -2.746063E-01   
-5.505970E-02   -2.733728E-01   
-5.528218E-02   -2.721325E-01   
-5.551368E-02   -2.708856E-01   
-5.575415E-02   -2.696322E-01   
-5.600354E-02   -2.683724E-01   
-5.626176E-02   -2.671064E-01   
-5.652876E-02   -2.658343E-01   
-5.680446E-02   -2.645564E-01   
-5.708876E-02   -2.632728E-01   
-5.738159E-02   -2.619836E-01   
-5.768285E-02   -2.606892E-01   
-5.799244E-02   -2.593896E-01   
-5.831025E-02   -2.580850E-01   
-5.863618E-02   -2.567758E-01   
-5.897010E-02   -2.554621E-01   
-5.931190E-02   -2.541440E-01   
-5.966145E-02   -2.528219E-01   
-6.001862E-02   -2.514960E-01   
-6.038326E-02   -2.501665E-01   
-6.075523E-02   -2.488337E-01   
-6.113439E-02   -2.474977E-01   
-6.152058E-02   -2.461589E-01   
-6.191364E-02   -2.448175E-01   
-6.231341E-02   -2.434738E-01   
-6.271971E-02   -2.421280E-01   
-6.313237E-02   -2.407804E-01   
-6.355122E-02   -2.394313E-01   
-6.397607E-02   -2.380810E-01   
-6.440674E-02   -2.367297E-01   
-6.484302E-02   -2.353778E-01   
-6.528474E-02   -2.340254E-01   
-6.573168E-02   -2.326730E-01   
-6.618364E-02   -2.313208E-01   
-6.664043E-02   -2.299690E-01   
-6.710183E-02   -2.286180E-01   
-6.756762E-02   -2.272682E-01   
-6.803761E-02   -2.259196E-01   
-6.851155E-02   -2.245728E-01   
-6.898925E-02   -2.232280E-01   
-6.947047E-02   -2.218854E-01   
-6.995500E-02   -2.205453E-01   
-7.044261E-02   -2.192082E-01   
-7.093308E-02   -2.178742E-01   
-7.142617E-02   -2.165436E-01   
-7.192167E-02   -2.152168E-01   
-7.241935E-02   -2.138940E-01   
-7.291897E-02   -2.125755E-01   
-7.342032E-02   -2.112616E-01   
-7.392316E-02   -2.099526E-01   
-7.442727E-02   -2.086488E-01   
-7.493243E-02   -2.073503E-01   
-7.543841E-02   -2.060576E-01   
-7.594499E-02   -2.047708E-01   
-7.645195E-02   -2.034902E-01   
-7.695907E-02   -2.022160E-01   
-7.746613E-02   -2.009486E-01   
-7.797293E-02   -1.996882E-01   
-7.847925E-02   -1.984349E-01   
-7.898487E-02   -1.971890E-01   
-7.948961E-02   -1.959508E-01   
-7.999324E-02   -1.947204E-01   
-8.049558E-02   -1.934981E-01   
-8.099644E-02   -1.922841E-01   
-8.149561E-02   -1.910786E-01   
-8.199291E-02   -1.898817E-01   
-8.248816E-02   -1.886936E-01   
-8.298117E-02   -1.875146E-01   
-8.347179E-02   -1.863448E-01   
-8.395982E-02   -1.851843E-01   
-8.444511E-02   -1.840333E-01   
-8.492750E-02   -1.828919E-01   
-8.540683E-02   -1.817604E-01   
-8.588294E-02   -1.806387E-01   
-8.635569E-02   -1.795271E-01   
-8.682495E-02   -1.784257E-01   
-8.729056E-02   -1.773345E-01   
-8.775241E-02   -1.762536E-01   
-8.821036E-02   -1.751832E-01   
-8.866429E-02   -1.741234E-01   
-8.911408E-02   -1.730742E-01   
-8.955962E-02   -1.720356E-01   
-9.000081E-02   -1.710078E-01   
-9.043755E-02   -1.699908E-01   
-9.086973E-02   -1.689847E-01   
-9.129726E-02   -1.679895E-01   
-9.172006E-02   -1.670052E-01   
-9.213805E-02   -1.660319E-01   
-9.255114E-02   -1.650695E-01   
-9.295927E-02   -1.641182E-01   
-9.336236E-02   -1.631779E-01   
-9.376036E-02   -1.622486E-01   
-9.415321E-02   -1.613303E-01   
-9.454085E-02   -1.604231E-01   
-9.492322E-02   -1.595268E-01   
-9.530029E-02   -1.586415E-01   
-9.567202E-02   -1.577672E-01   
-9.603836E-02   -1.569038E-01   
-9.639928E-02   -1.560514E-01   
-9.675476E-02   -1.552097E-01   
-9.710476E-02   -1.543790E-01   
-9.744927E-02   -1.535589E-01   
-9.778826E-02   -1.527496E-01   
-9.812173E-02   -1.519510E-01   
-9.844966E-02   -1.511630E-01   
-9.877203E-02   -1.503855E-01   
-9.908886E-02   -1.496186E-01   
-9.940013E-02   -1.488620E-01   
-9.970584E-02   -1.481158E-01   
-1.000060E-01   -1.473799E-01   
-1.003006E-01   -1.466541E-01   
-1.005897E-01   -1.459385E-01   
-1.008733E-01   -1.452329E-01   
-1.011513E-01   -1.445373E-01   
-1.014239E-01   -1.438515E-01   
-1.016909E-01   -1.431755E-01   
-1.019526E-01   -1.425092E-01   
-1.022087E-01   -1.418525E-01   
-1.024595E-01   -1.412053E-01   
-1.027049E-01   -1.405675E-01   
-1.029450E-01   -1.399390E-01   
-1.031797E-01   -1.393197E-01   
-1.034091E-01   -1.387095E-01   
-1.036333E-01   -1.381084E-01   
-1.038522E-01   -1.375161E-01   
-1.040660E-01   -1.369327E-01   
-1.042746E-01   -1.363579E-01   
-1.044781E-01   -1.357918E-01   
-1.046765E-01   -1.352342E-01   
-1.048698E-01   -1.346849E-01   
-1.050582E-01   -1.341440E-01   
-1.052416E-01   -1.336113E-01   
-1.054202E-01   -1.330866E-01   
-1.055938E-01   -1.325699E-01   
-1.057626E-01   -1.320611E-01   
-1.059267E-01   -1.315601E-01   
-1.060860E-01   -1.310667E-01   
-1.062406E-01   -1.305809E-01   
-1.063906E-01   -1.301026E-01   
-1.065359E-01   -1.296316E-01   
-1.066768E-01   -1.291679E-01   
-1.068131E-01   -1.287113E-01   
-1.069450E-01   -1.282618E-01   
-1.070724E-01   -1.278193E-01   
-1.071955E-01   -1.273836E-01   
-1.073143E-01   -1.269546E-01   
-1.074289E-01   -1.265323E-01   
-1.075392E-01   -1.261165E-01   
-1.076454E-01   -1.257072E-01   
-1.077474E-01   -1.253042E-01   
-1.078454E-01   -1.249075E-01   
-1.079393E-01   -1.245170E-01   
-1.080293E-01   -1.241325E-01   
-1.081153E-01   -1.237540E-01   
-1.081975E-01   -1.233814E-01   
-1.082758E-01   -1.230146E-01   
-1.083503E-01   -1.226534E-01   
-1.084212E-01   -1.222979E-01   
-1.084883E-01   -1.219479E-01   
-1.085518E-01   -1.216033E-01   
-1.086116E-01   -1.212641E-01   
-1.086680E-01   -1.209301E-01   
-1.087208E-01   -1.206013E-01   
-1.087702E-01   -1.202776E-01   
-1.088161E-01   -1.199588E-01   
-1.088587E-01   -1.196450E-01   
-1.088979E-01   -1.193360E-01   
-1.089339E-01   -1.190318E-01   
-1.089666E-01   -1.187323E-01   
-1.089962E-01   -1.184373E-01   
-1.090226E-01   -1.181469E-01   
-1.090459E-01   -1.178609E-01   
-1.090661E-01   -1.175793E-01   
-1.090833E-01   -1.173019E-01   
-1.090975E-01   -1.170288E-01   
-1.091088E-01   -1.167599E-01   
-1.091171E-01   -1.164950E-01   
-1.091226E-01   -1.162341E-01   
-1.091253E-01   -1.159771E-01   
-1.091252E-01   -1.157241E-01   
-1.091224E-01   -1.154748E-01   
-1.091168E-01   -1.152292E-01   
-1.091086E-01   -1.149874E-01   
-1.090978E-01   -1.147491E-01   
-1.090843E-01   -1.145143E-01   
-1.090683E-01   -1.142831E-01   
-1.090498E-01   -1.140552E-01   
-1.090288E-01   -1.138307E-01   
-1.090054E-01   -1.136095E-01   
-1.089795E-01   -1.133916E-01   
-1.089513E-01   -1.131768E-01   
-1.089207E-01   -1.129651E-01   
-1.088878E-01   -1.127565E-01   
-1.088526E-01   -1.125509E-01   
-1.088152E-01   -1.123482E-01   
-1.087755E-01   -1.121484E-01   
-1.087337E-01   -1.119515E-01   
-1.086897E-01   -1.117574E-01   
-1.086437E-01   -1.115660E-01   
-1.085955E-01   -1.113773E-01   
-1.085452E-01   -1.111913E-01   
-1.084930E-01   -1.110078E-01   
-1.084387E-01   -1.108269E-01   
-1.083825E-01   -1.106485E-01   
-1.083243E-01   -1.104725E-01   
-1.082642E-01   -1.102990E-01   
-1.082022E-01   -1.101277E-01   
-1.081384E-01   -1.099589E-01   
-1.080728E-01   -1.097922E-01   
-1.080053E-01   -1.096278E-01   
-1.079360E-01   -1.094656E-01   
-1.078651E-01   -1.093055E-01   
-1.077923E-01   -1.091476E-01   
-1.077179E-01   -1.089917E-01   
-1.076418E-01   -1.088378E-01   
-1.075641E-01   -1.086859E-01   
-1.074847E-01   -1.085359E-01   
-1.074037E-01   -1.083879E-01   
-1.073211E-01   -1.082417E-01   
-1.072370E-01   -1.080973E-01   
-1.071514E-01   -1.079548E-01   
-1.070642E-01   -1.078140E-01   
-1.069756E-01   -1.076749E-01   
-1.068854E-01   -1.075375E-01   
-1.067939E-01   -1.074018E-01   
-1.067009E-01   -1.072677E-01   
-1.066065E-01   -1.071352E-01   
-1.065107E-01   -1.070043E-01   
-1.064136E-01   -1.068749E-01   
-1.063151E-01   -1.067470E-01   
-1.062153E-01   -1.066205E-01   
-1.061142E-01   -1.064955E-01   
-1.060118E-01   -1.063719E-01   
-1.059082E-01   -1.062497E-01   
-1.058033E-01   -1.061288E-01   
-1.056971E-01   -1.060093E-01   
-1.055898E-01   -1.058910E-01   
-1.054813E-01   -1.057741E-01   
-1.053716E-01   -1.056583E-01   
-1.052607E-01   -1.055438E-01   
-1.051487E-01   -1.054305E-01   
-1.050356E-01   -1.053183E-01   
-1.049213E-01   -1.052072E-01   
-1.048060E-01   -1.050973E-01   
-1.046896E-01   -1.049885E-01   
-1.045722E-01   -1.048807E-01   
-1.044537E-01   -1.047740E-01   
-1.043341E-01   -1.046683E-01   
-1.042136E-01   -1.045636E-01   
-1.040921E-01   -1.044599E-01   
-1.039695E-01   -1.043571E-01   
-1.038461E-01   -1.042553E-01   
-1.037216E-01   -1.041543E-01   
-1.035963E-01   -1.040543E-01   
-1.034700E-01   -1.039551E-01   
-1.033427E-01   -1.038568E-01   
-1.032146E-01   -1.037593E-01   
-1.030856E-01   -1.036626E-01   
-1.029558E-01   -1.035667E-01   
-1.028251E-01   -1.034715E-01   
-1.026935E-01   -1.033772E-01   
-1.025611E-01   -1.032835E-01   
-1.024279E-01   -1.031906E-01   
-1.022938E-01   -1.030984E-01   
-1.021590E-01   -1.030068E-01   
-1.020234E-01   -1.029159E-01   
-1.018870E-01   -1.028257E-01   
-1.017499E-01   -1.027361E-01   
-1.016120E-01   -1.026471E-01   
-1.014734E-01   -1.025587E-01   
-1.013340E-01   -1.024709E-01   
-1.011940E-01   -1.023837E-01   
-1.010532E-01   -1.022970E-01   
-1.009117E-01   -1.022108E-01   
-1.007696E-01   -1.021252E-01   
-1.006267E-01   -1.020400E-01   
-1.004833E-01   -1.019554E-01   
-1.003391E-01   -1.018712E-01   
-1.001943E-01   -1.017876E-01   
-1.000489E-01   -1.017043E-01   
-9.990287E-02   -1.016215E-01   
-9.975621E-02   -1.015391E-01   
-9.960896E-02   -1.014572E-01   
-9.946110E-02   -1.013756E-01   
-9.931266E-02   -1.012944E-01   
-9.916364E-02   -1.012136E-01   
-9.901406E-02   -1.011332E-01   
-9.886391E-02   -1.010531E-01   
-9.871322E-02   -1.009733E-01   
-9.856198E-02   -1.008939E-01   
-9.841021E-02   -1.008147E-01   
-9.825791E-02   -1.007359E-01   
-9.810510E-02   -1.006574E-01   
-9.795178E-02   -1.005792E-01   
-9.779795E-02   -1.005012E-01   
-9.764364E-02   -1.004235E-01   
-9.748883E-02   -1.003460E-01   
-9.733356E-02   -1.002688E-01   
-9.717781E-02   -1.001918E-01   
-9.702160E-02   -1.001150E-01   
-9.686493E-02   -1.000384E-01   
-9.670782E-02   -9.996208E-02   
-9.655026E-02   -9.988590E-02   
-9.639227E-02   -9.980990E-02   
-9.623386E-02   -9.973408E-02   
-9.607503E-02   -9.965842E-02   
-9.591578E-02   -9.958291E-02   
-9.575613E-02   -9.950755E-02   
-9.559608E-02   -9.943232E-02   
-9.543563E-02   -9.935723E-02   
-9.527480E-02   -9.928225E-02   
-9.511359E-02   -9.920738E-02   
-9.495201E-02   -9.913262E-02   
-9.479006E-02   -9.905795E-02   
-9.462775E-02   -9.898337E-02   
-9.446509E-02   -9.890887E-02   
-9.430207E-02   -9.883444E-02   
-9.413872E-02   -9.876008E-02   
-9.397502E-02   -9.868577E-02   
-9.381100E-02   -9.861152E-02   
-9.364665E-02   -9.853731E-02   
-9.348198E-02   -9.846313E-02   
-9.331699E-02   -9.838898E-02   
-9.315170E-02   -9.831486E-02   
-9.298611E-02   -9.824075E-02   
-9.282021E-02   -9.816665E-02   
-9.265403E-02   -9.809255E-02   
-9.248756E-02   -9.801845E-02   
-9.232080E-02   -9.794433E-02   
-9.215377E-02   -9.787021E-02   
-9.198647E-02   -9.779605E-02   
-9.181890E-02   -9.772187E-02   
-9.165106E-02   -9.764766E-02   
-9.148298E-02   -9.757340E-02   
-9.131464E-02   -9.749910E-02   
-9.114605E-02   -9.742475E-02   
-9.097722E-02   -9.735034E-02   
-9.080815E-02   -9.727587E-02   
-9.063885E-02   -9.720132E-02   
-9.046932E-02   -9.712671E-02   
-9.029956E-02   -9.705202E-02   
-9.012959E-02   -9.697724E-02   
-8.995940E-02   -9.690237E-02   
-8.978899E-02   -9.682741E-02   
-8.961839E-02   -9.675235E-02   
-8.944758E-02   -9.667719E-02   
-8.927657E-02   -9.660192E-02   
-8.910536E-02   -9.652653E-02   
-8.893397E-02   -9.645103E-02   
-8.876239E-02   -9.637540E-02   
-8.859063E-02   -9.629965E-02   
-8.841869E-02   -9.622377E-02   
-8.824658E-02   -9.614775E-02   
-8.807429E-02   -9.607159E-02   
-8.790184E-02   -9.599529E-02   
-8.772923E-02   -9.591883E-02   
-8.755646E-02   -9.584223E-02   
-8.738353E-02   -9.576547E-02   
-8.721045E-02   -9.568855E-02   
-8.703722E-02   -9.561146E-02   
-8.686385E-02   -9.553421E-02   
-8.669034E-02   -9.545679E-02   
-8.651669E-02   -9.537919E-02   
-8.634290E-02   -9.530141E-02   
-8.616899E-02   -9.522345E-02   
-8.599495E-02   -9.514530E-02   
-8.582078E-02   -9.506696E-02   
-8.564650E-02   -9.498843E-02   
-8.547209E-02   -9.490970E-02   
-8.529758E-02   -9.483077E-02   
-8.512295E-02   -9.475164E-02   
-8.494821E-02   -9.467230E-02   
-8.477337E-02   -9.459276E-02   
-8.459843E-02   -9.451300E-02   
-8.442339E-02   -9.443302E-02   
-8.424826E-02   -9.435282E-02   
-8.407303E-02   -9.427241E-02   
-8.389771E-02   -9.419177E-02   
