-3.495376E-01    7.027690E-01   
-3.488043E-01    7.037822E-01   
-3.480700E-01    7.047918E-01   
-3.473348E-01    7.057977E-01   
-3.465986E-01    7.067999E-01   
-3.458615E-01    7.077985E-01   
-3.451235E-01    7.087935E-01   
-3.443845E-01    7.097847E-01   
-3.436445E-01    7.107723E-01   
-3.429037E-01    7.117562E-01   
-3.421619E-01    7.127365E-01   
-3.414192E-01    7.137130E-01   
-3.406755E-01    7.146859E-01   
-3.399309E-01    7.156550E-01   
-3.391854E-01    7.166205E-01   
-3.384390E-01    7.175823E-01   
-3.376916E-01    7.185404E-01   
-3.369433E-01    7.194947E-01   
-3.361941E-01    7.204454E-01   
-3.354440E-01    7.213923E-01   
-3.346929E-01    7.223356E-01   
-3.339409E-01    7.232751E-01   
-3.331881E-01    7.242108E-01   
-3.324343E-01    7.251429E-01   
-3.316796E-01    7.260712E-01   
-3.309240E-01    7.269957E-01   
-3.301674E-01    7.279165E-01   
-3.294100E-01    7.288336E-01   
-3.286517E-01    7.297469E-01   
-3.278924E-01    7.306565E-01   
-3.271323E-01    7.315623E-01   
-3.263712E-01    7.324643E-01   
-3.256093E-01    7.333625E-01   
-3.248464E-01    7.342570E-01   
-3.240826E-01    7.351477E-01   
-3.233180E-01    7.360347E-01   
-3.225524E-01    7.369178E-01   
-3.217860E-01    7.377971E-01   
-3.210186E-01    7.386727E-01   
-3.202504E-01    7.395444E-01   
-3.194813E-01    7.404124E-01   
-3.187112E-01    7.412765E-01   
-3.179403E-01    7.421369E-01   
-3.171685E-01    7.429934E-01   
-3.163958E-01    7.438461E-01   
-3.156222E-01    7.446950E-01   
-3.148477E-01    7.455400E-01   
-3.140723E-01    7.463812E-01   
-3.132961E-01    7.472186E-01   
-3.125189E-01    7.480521E-01   
-3.117409E-01    7.488818E-01   
-3.109620E-01    7.497076E-01   
-3.101821E-01    7.505296E-01   
-3.094014E-01    7.513477E-01   
-3.086199E-01    7.521619E-01   
-3.078374E-01    7.529723E-01   
-3.070541E-01    7.537788E-01   
-3.062698E-01    7.545814E-01   
-3.054847E-01    7.553802E-01   
-3.046987E-01    7.561750E-01   
-3.039118E-01    7.569660E-01   
-3.031241E-01    7.577531E-01   
-3.023354E-01    7.585362E-01   
-3.015459E-01    7.593155E-01   
-3.007555E-01    7.600908E-01   
-2.999642E-01    7.608623E-01   
-2.991720E-01    7.616298E-01   
-2.983789E-01    7.623934E-01   
-2.975850E-01    7.631530E-01   
-2.967902E-01    7.639088E-01   
-2.959944E-01    7.646605E-01   
-2.951979E-01    7.654084E-01   
-2.944004E-01    7.661523E-01   
-2.936020E-01    7.668922E-01   
-2.928028E-01    7.676282E-01   
-2.920027E-01    7.683602E-01   
-2.912016E-01    7.690883E-01   
-2.903997E-01    7.698124E-01   
-2.895970E-01    7.705325E-01   
-2.887933E-01    7.712486E-01   
-2.879887E-01    7.719607E-01   
-2.871833E-01    7.726688E-01   
-2.863770E-01    7.733730E-01   
-2.855698E-01    7.740731E-01   
-2.847616E-01    7.747692E-01   
-2.839527E-01    7.754613E-01   
-2.831428E-01    7.761494E-01   
-2.823320E-01    7.768335E-01   
-2.815203E-01    7.775135E-01   
-2.807078E-01    7.781895E-01   
-2.798943E-01    7.788615E-01   
-2.790800E-01    7.795294E-01   
-2.782647E-01    7.801932E-01   
-2.774486E-01    7.808530E-01   
-2.766315E-01    7.815088E-01   
-2.758136E-01    7.821605E-01   
-2.749947E-01    7.828080E-01   
-2.741750E-01    7.834516E-01   
-2.733543E-01    7.840910E-01   
-2.725328E-01    7.847263E-01   
-2.717103E-01    7.853576E-01   
-2.708870E-01    7.859847E-01   
-2.700627E-01    7.866078E-01   
-2.692375E-01    7.872267E-01   
-2.684114E-01    7.878415E-01   
-2.675844E-01    7.884522E-01   
-2.667565E-01    7.890587E-01   
-2.659276E-01    7.896611E-01   
-2.650979E-01    7.902594E-01   
-2.642672E-01    7.908535E-01   
-2.634356E-01    7.914434E-01   
-2.626031E-01    7.920292E-01   
-2.617696E-01    7.926108E-01   
-2.609352E-01    7.931883E-01   
-2.600999E-01    7.937615E-01   
-2.592636E-01    7.943306E-01   
-2.584265E-01    7.948955E-01   
-2.575883E-01    7.954562E-01   
-2.567493E-01    7.960126E-01   
-2.559093E-01    7.965649E-01   
-2.550683E-01    7.971129E-01   
-2.542264E-01    7.976567E-01   
-2.533836E-01    7.981963E-01   
-2.525397E-01    7.987316E-01   
-2.516950E-01    7.992627E-01   
-2.508493E-01    7.997895E-01   
-2.500026E-01    8.003121E-01   
-2.491549E-01    8.008304E-01   
-2.483063E-01    8.013444E-01   
-2.474568E-01    8.018541E-01   
-2.466062E-01    8.023595E-01   
-2.457547E-01    8.028607E-01   
-2.449022E-01    8.033575E-01   
-2.440487E-01    8.038500E-01   
-2.431942E-01    8.043382E-01   
-2.423387E-01    8.048220E-01   
-2.414823E-01    8.053016E-01   
-2.406248E-01    8.057767E-01   
-2.397663E-01    8.062475E-01   
-2.389069E-01    8.067140E-01   
-2.380464E-01    8.071761E-01   
-2.371849E-01    8.076338E-01   
-2.363224E-01    8.080871E-01   
-2.354589E-01    8.085360E-01   
-2.345943E-01    8.089806E-01   
-2.337288E-01    8.094207E-01   
-2.328622E-01    8.098563E-01   
-2.319945E-01    8.102876E-01   
-2.311258E-01    8.107144E-01   
-2.302561E-01    8.111368E-01   
-2.293853E-01    8.115547E-01   
-2.285135E-01    8.119682E-01   
-2.276406E-01    8.123771E-01   
-2.267666E-01    8.127816E-01   
-2.258916E-01    8.131816E-01   
-2.250155E-01    8.135771E-01   
-2.241383E-01    8.139681E-01   
-2.232601E-01    8.143546E-01   
-2.223807E-01    8.147365E-01   
-2.215003E-01    8.151139E-01   
-2.206187E-01    8.154867E-01   
-2.197360E-01    8.158550E-01   
-2.188523E-01    8.162187E-01   
-2.179674E-01    8.165778E-01   
-2.170814E-01    8.169323E-01   
-2.161942E-01    8.172823E-01   
-2.153060E-01    8.176276E-01   
-2.144165E-01    8.179682E-01   
-2.135260E-01    8.183043E-01   
-2.126343E-01    8.186357E-01   
-2.117414E-01    8.189624E-01   
-2.108473E-01    8.192845E-01   
-2.099521E-01    8.196019E-01   
-2.090557E-01    8.199146E-01   
-2.081581E-01    8.202226E-01   
-2.072594E-01    8.205258E-01   
-2.063594E-01    8.208244E-01   
-2.054582E-01    8.211182E-01   
-2.045558E-01    8.214072E-01   
-2.036522E-01    8.216915E-01   
-2.027473E-01    8.219710E-01   
-2.018412E-01    8.222457E-01   
-2.009339E-01    8.225156E-01   
-2.000253E-01    8.227807E-01   
-1.991154E-01    8.230410E-01   
-1.982043E-01    8.232964E-01   
-1.972919E-01    8.235469E-01   
-1.963782E-01    8.237926E-01   
-1.954632E-01    8.240334E-01   
-1.945469E-01    8.242693E-01   
-1.936293E-01    8.245003E-01   
-1.927103E-01    8.247263E-01   
-1.917901E-01    8.249474E-01   
-1.908685E-01    8.251636E-01   
-1.899455E-01    8.253747E-01   
-1.890212E-01    8.255809E-01   
-1.880955E-01    8.257821E-01   
-1.871685E-01    8.259782E-01   
-1.862400E-01    8.261694E-01   
-1.853102E-01    8.263554E-01   
-1.843789E-01    8.265364E-01   
-1.834462E-01    8.267123E-01   
-1.825121E-01    8.268832E-01   
-1.815766E-01    8.270489E-01   
-1.806396E-01    8.272094E-01   
-1.797011E-01    8.273648E-01   
-1.787612E-01    8.275150E-01   
-1.778198E-01    8.276601E-01   
-1.768768E-01    8.277999E-01   
-1.759324E-01    8.279345E-01   
-1.749864E-01    8.280639E-01   
-1.740390E-01    8.281880E-01   
-1.730899E-01    8.283068E-01   
-1.721393E-01    8.284203E-01   
-1.711872E-01    8.285285E-01   
-1.702334E-01    8.286313E-01   
-1.692781E-01    8.287288E-01   
-1.683211E-01    8.288209E-01   
-1.673625E-01    8.289076E-01   
-1.664023E-01    8.289889E-01   
-1.654404E-01    8.290647E-01   
-1.644769E-01    8.291351E-01   
-1.635117E-01    8.292000E-01   
-1.625448E-01    8.292593E-01   
-1.615762E-01    8.293132E-01   
-1.606058E-01    8.293614E-01   
-1.596337E-01    8.294041E-01   
-1.586599E-01    8.294412E-01   
-1.576843E-01    8.294726E-01   
-1.567069E-01    8.294984E-01   
-1.557276E-01    8.295186E-01   
-1.547466E-01    8.295330E-01   
-1.537637E-01    8.295417E-01   
-1.527790E-01    8.295446E-01   
-1.517924E-01    8.295418E-01   
-1.508040E-01    8.295331E-01   
-1.498136E-01    8.295186E-01   
-1.488213E-01    8.294983E-01   
-1.478270E-01    8.294721E-01   
-1.468308E-01    8.294399E-01   
-1.458326E-01    8.294018E-01   
-1.448324E-01    8.293578E-01   
-1.438302E-01    8.293077E-01   
-1.428259E-01    8.292516E-01   
-1.418196E-01    8.291894E-01   
-1.408112E-01    8.291212E-01   
-1.398007E-01    8.290468E-01   
-1.387881E-01    8.289662E-01   
-1.377733E-01    8.288795E-01   
-1.367564E-01    8.287866E-01   
-1.357373E-01    8.286874E-01   
-1.347160E-01    8.285819E-01   
-1.336924E-01    8.284701E-01   
-1.326666E-01    8.283519E-01   
-1.316385E-01    8.282273E-01   
-1.306082E-01    8.280964E-01   
-1.295754E-01    8.279589E-01   
-1.285404E-01    8.278149E-01   
-1.275030E-01    8.276645E-01   
-1.264631E-01    8.275074E-01   
-1.254209E-01    8.273437E-01   
-1.243761E-01    8.271734E-01   
-1.233290E-01    8.269964E-01   
-1.222793E-01    8.268126E-01   
-1.212270E-01    8.266221E-01   
-1.201722E-01    8.264247E-01   
-1.191149E-01    8.262205E-01   
-1.180549E-01    8.260094E-01   
-1.169922E-01    8.257914E-01   
-1.159269E-01    8.255663E-01   
-1.148589E-01    8.253343E-01   
-1.137881E-01    8.250951E-01   
-1.127146E-01    8.248488E-01   
-1.116383E-01    8.245954E-01   
-1.105591E-01    8.243347E-01   
-1.094771E-01    8.240668E-01   
-1.083922E-01    8.237915E-01   
-1.073043E-01    8.235089E-01   
-1.062135E-01    8.232188E-01   
-1.051197E-01    8.229213E-01   
-1.040229E-01    8.226163E-01   
-1.029230E-01    8.223037E-01   
-1.018200E-01    8.219834E-01   
-1.007138E-01    8.216555E-01   
-9.960447E-02    8.213198E-01   
-9.849192E-02    8.209763E-01   
-9.737612E-02    8.206249E-01   
-9.625702E-02    8.202657E-01   
-9.513459E-02    8.198984E-01   
-9.400878E-02    8.195231E-01   
-9.287955E-02    8.191397E-01   
-9.174687E-02    8.187482E-01   
-9.061068E-02    8.183484E-01   
-8.947095E-02    8.179403E-01   
-8.832764E-02    8.175239E-01   
-8.718069E-02    8.170990E-01   
-8.603006E-02    8.166656E-01   
-8.487571E-02    8.162237E-01   
-8.371759E-02    8.157731E-01   
-8.255565E-02    8.153138E-01   
-8.138984E-02    8.148458E-01   
-8.022012E-02    8.143688E-01   
-7.904643E-02    8.138830E-01   
-7.786872E-02    8.133881E-01   
-7.668695E-02    8.128842E-01   
-7.550105E-02    8.123710E-01   
-7.431098E-02    8.118487E-01   
-7.311668E-02    8.113169E-01   
-7.191809E-02    8.107758E-01   
-7.071516E-02    8.102252E-01   
-6.950784E-02    8.096650E-01   
-6.829606E-02    8.090951E-01   
-6.707976E-02    8.085154E-01   
-6.585889E-02    8.079259E-01   
-6.463338E-02    8.073264E-01   
-6.340318E-02    8.067169E-01   
-6.216821E-02    8.060972E-01   
-6.092841E-02    8.054673E-01   
-5.968373E-02    8.048271E-01   
-5.843408E-02    8.041764E-01   
-5.717941E-02    8.035152E-01   
-5.591965E-02    8.028433E-01   
-5.465472E-02    8.021606E-01   
-5.338455E-02    8.014671E-01   
-5.210908E-02    8.007626E-01   
-5.082822E-02    8.000470E-01   
-4.954191E-02    7.993203E-01   
-4.825007E-02    7.985821E-01   
-4.695261E-02    7.978326E-01   
-4.564946E-02    7.970714E-01   
-4.434054E-02    7.962986E-01   
-4.302578E-02    7.955140E-01   
-4.170507E-02    7.947174E-01   
-4.037834E-02    7.939088E-01   
-3.904551E-02    7.930879E-01   
-3.770649E-02    7.922547E-01   
-3.636118E-02    7.914091E-01   
-3.500949E-02    7.905508E-01   
-3.365134E-02    7.896797E-01   
-3.228663E-02    7.887957E-01   
-3.091526E-02    7.878987E-01   
-2.953714E-02    7.869885E-01   
-2.815216E-02    7.860649E-01   
-2.676023E-02    7.851278E-01   
-2.536124E-02    7.841770E-01   
-2.395509E-02    7.832124E-01   
-2.254167E-02    7.822337E-01   
-2.112086E-02    7.812409E-01   
-1.969258E-02    7.802338E-01   
-1.825668E-02    7.792121E-01   
-1.681308E-02    7.781757E-01   
-1.536163E-02    7.771244E-01   
-1.390224E-02    7.760581E-01   
-1.243477E-02    7.749765E-01   
-1.095911E-02    7.738794E-01   
-9.475123E-03    7.727667E-01   
-7.982685E-03    7.716382E-01   
-6.481666E-03    7.704936E-01   
-4.971932E-03    7.693327E-01   
-3.453348E-03    7.681553E-01   
-1.925777E-03    7.669613E-01   
-3.890774E-04    7.657504E-01   
 1.156894E-03    7.645223E-01   
 2.712283E-03    7.632769E-01   
 4.277238E-03    7.620138E-01   
 5.851911E-03    7.607329E-01   
 7.436456E-03    7.594340E-01   
 9.031030E-03    7.581167E-01   
 1.063579E-02    7.567808E-01   
 1.225091E-02    7.554261E-01   
 1.387655E-02    7.540523E-01   
 1.551288E-02    7.526591E-01   
 1.716007E-02    7.512463E-01   
 1.881830E-02    7.498135E-01   
 2.048775E-02    7.483606E-01   
 2.216860E-02    7.468871E-01   
 2.386104E-02    7.453929E-01   
 2.556526E-02    7.438775E-01   
 2.728145E-02    7.423407E-01   
 2.900982E-02    7.407823E-01   
 3.075056E-02    7.392017E-01   
 3.250389E-02    7.375988E-01   
 3.427000E-02    7.359732E-01   
 3.604912E-02    7.343246E-01   
 3.784146E-02    7.326525E-01   
 3.964725E-02    7.309567E-01   
 4.146671E-02    7.292368E-01   
 4.330008E-02    7.274924E-01   
 4.514759E-02    7.257231E-01   
 4.700949E-02    7.239286E-01   
 4.888602E-02    7.221084E-01   
 5.077742E-02    7.202622E-01   
 5.268397E-02    7.183895E-01   
 5.460591E-02    7.164899E-01   
 5.654352E-02    7.145631E-01   
 5.849707E-02    7.126084E-01   
 6.046684E-02    7.106256E-01   
 6.245310E-02    7.086141E-01   
 6.445616E-02    7.065735E-01   
 6.647630E-02    7.045033E-01   
 6.851382E-02    7.024030E-01   
 7.056904E-02    7.002722E-01   
 7.264227E-02    6.981102E-01   
 7.473383E-02    6.959167E-01   
 7.684405E-02    6.936910E-01   
 7.897325E-02    6.914326E-01   
 8.112179E-02    6.891410E-01   
 8.329001E-02    6.868155E-01   
 8.547826E-02    6.844557E-01   
 8.768692E-02    6.820610E-01   
 8.991635E-02    6.796306E-01   
 9.216692E-02    6.771641E-01   
 9.443904E-02    6.746607E-01   
 9.673308E-02    6.721199E-01   
 9.904946E-02    6.695409E-01   
 1.013886E-01    6.669231E-01   
 1.037509E-01    6.642659E-01   
 1.061368E-01    6.615684E-01   
 1.085467E-01    6.588300E-01   
 1.109812E-01    6.560500E-01   
 1.134406E-01    6.532276E-01   
 1.159253E-01    6.503619E-01   
 1.184360E-01    6.474524E-01   
 1.209731E-01    6.444980E-01   
 1.235371E-01    6.414980E-01   
 1.261285E-01    6.384516E-01   
 1.287477E-01    6.353580E-01   
 1.313955E-01    6.322161E-01   
 1.340722E-01    6.290251E-01   
 1.367785E-01    6.257841E-01   
 1.395150E-01    6.224922E-01   
 1.422821E-01    6.191484E-01   
 1.450806E-01    6.157516E-01   
 1.479109E-01    6.123009E-01   
 1.507738E-01    6.087953E-01   
 1.536699E-01    6.052337E-01   
 1.565999E-01    6.016149E-01   
 1.595643E-01    5.979380E-01   
 1.625639E-01    5.942017E-01   
 1.655994E-01    5.904049E-01   
 1.686714E-01    5.865463E-01   
 1.717808E-01    5.826249E-01   
 1.749283E-01    5.786393E-01   
 1.781146E-01    5.745883E-01   
 1.813405E-01    5.704705E-01   
 1.846068E-01    5.662847E-01   
 1.879143E-01    5.620293E-01   
 1.912639E-01    5.577032E-01   
 1.946563E-01    5.533047E-01   
 1.980926E-01    5.488324E-01   
 2.015736E-01    5.442849E-01   
 2.051001E-01    5.396605E-01   
 2.086732E-01    5.349578E-01   
 2.122938E-01    5.301750E-01   
 2.159629E-01    5.253105E-01   
 2.196814E-01    5.203626E-01   
 2.234505E-01    5.153297E-01   
 2.272711E-01    5.102098E-01   
 2.311443E-01    5.050011E-01   
 2.350713E-01    4.997019E-01   
 2.390531E-01    4.943101E-01   
 2.430910E-01    4.888238E-01   
 2.471861E-01    4.832410E-01   
 2.513396E-01    4.775596E-01   
 2.555528E-01    4.717776E-01   
 2.598269E-01    4.658926E-01   
 2.641632E-01    4.599026E-01   
 2.685631E-01    4.538052E-01   
 2.730278E-01    4.475981E-01   
 2.775590E-01    4.412789E-01   
 2.821578E-01    4.348451E-01   
 2.868259E-01    4.282943E-01   
 2.915647E-01    4.216238E-01   
 2.963757E-01    4.148310E-01   
 3.012605E-01    4.079132E-01   
 3.062208E-01    4.008677E-01   
 3.112581E-01    3.936915E-01   
 3.163742E-01    3.863817E-01   
 3.215708E-01    3.789354E-01   
 3.268497E-01    3.713495E-01   
 3.322126E-01    3.636207E-01   
 3.376615E-01    3.557460E-01   
 3.431982E-01    3.477220E-01   
 3.488248E-01    3.395452E-01   
 3.545431E-01    3.312122E-01   
 3.603553E-01    3.227194E-01   
 3.662635E-01    3.140632E-01   
 3.722697E-01    3.052398E-01   
 3.783763E-01    2.962453E-01   
 3.845854E-01    2.870758E-01   
 3.908993E-01    2.777272E-01   
 3.973206E-01    2.681954E-01   
 4.038515E-01    2.584761E-01   
 4.104945E-01    2.485648E-01   
 4.172523E-01    2.384573E-01   
 4.241273E-01    2.281487E-01   
 4.311224E-01    2.176344E-01   
 4.382402E-01    2.069096E-01   
 4.454835E-01    1.959692E-01   
 4.528552E-01    1.848083E-01   
 4.603583E-01    1.734215E-01   
 4.679958E-01    1.618034E-01   
 4.757707E-01    1.499486E-01   
 4.836863E-01    1.378515E-01   
 4.917458E-01    1.255062E-01   
 4.999525E-01    1.129068E-01   
 5.083098E-01    1.000473E-01   
 5.168212E-01    8.692128E-02   
 5.254903E-01    7.352243E-02   
 5.343207E-01    5.984417E-02   
 5.433162E-01    4.587977E-02   
 5.524806E-01    3.162229E-02   
 5.618179E-01    1.706467E-02   
 5.713321E-01    2.199633E-03   
 5.810273E-01   -1.298028E-02   
 5.909077E-01   -2.848269E-02   
 6.009777E-01   -4.431545E-02   
 6.112416E-01   -6.048659E-02   
 6.217041E-01   -7.700433E-02   
 6.323696E-01   -9.387711E-02   
 6.432431E-01   -1.111136E-01   
 6.543293E-01   -1.287226E-01   
 6.656332E-01   -1.467133E-01   
 6.771600E-01   -1.650950E-01   
 6.889147E-01   -1.838771E-01   
 7.009027E-01   -2.030695E-01   
 7.131294E-01   -2.226821E-01   
 7.256005E-01   -2.427253E-01   
 7.383216E-01   -2.632095E-01   
 7.512985E-01   -2.841455E-01   
 7.645372E-01   -3.055443E-01   
 7.780436E-01   -3.274171E-01   
 7.918242E-01   -3.497755E-01   
 8.058851E-01   -3.726313E-01   
 8.202329E-01   -3.959966E-01   
 8.348741E-01   -4.198836E-01   
 8.498156E-01   -4.443052E-01   
 8.650641E-01   -4.692740E-01   
 8.806268E-01   -4.948035E-01   
 8.965108E-01   -5.209070E-01   
 9.127234E-01   -5.475984E-01   
 9.292720E-01   -5.748917E-01   
 9.461644E-01   -6.028013E-01   
 9.634081E-01   -6.313420E-01   
 9.810111E-01   -6.605287E-01   
 9.989813E-01   -6.903767E-01   
 1.017327E+00   -7.209017E-01   
 1.036057E+00   -7.521194E-01   
 1.055178E+00   -7.840462E-01   
 1.074701E+00   -8.166986E-01   
 1.094633E+00   -8.500934E-01   
 1.114983E+00   -8.842476E-01   
 1.135761E+00   -9.191789E-01   
 1.156975E+00   -9.549047E-01   
 1.178635E+00   -9.914432E-01   
 1.200750E+00   -1.028813E+00   
 1.223330E+00   -1.067032E+00   
 1.246383E+00   -1.106119E+00   
 1.269920E+00   -1.146094E+00   
 1.293951E+00   -1.186976E+00   
 1.318485E+00   -1.228784E+00   
 1.343533E+00   -1.271539E+00   
 1.369103E+00   -1.315260E+00   
 1.395207E+00   -1.359967E+00   
 1.421855E+00   -1.405682E+00   
 1.449056E+00   -1.452424E+00   
 1.476821E+00   -1.500215E+00   
 1.505160E+00   -1.549075E+00   
 1.534083E+00   -1.599025E+00   
 1.563601E+00   -1.650087E+00   
 1.593723E+00   -1.702281E+00   
 1.624459E+00   -1.755628E+00   
 1.655820E+00   -1.810150E+00   
 1.687815E+00   -1.865867E+00   
 1.720454E+00   -1.922801E+00   
 1.753746E+00   -1.980972E+00   
 1.787702E+00   -2.040401E+00   
 1.822330E+00   -2.101107E+00   
 1.857638E+00   -2.163112E+00   
 1.893637E+00   -2.226434E+00   
 1.930334E+00   -2.291093E+00   
 1.967737E+00   -2.357108E+00   
 2.005854E+00   -2.424496E+00   
 2.044692E+00   -2.493277E+00   
 2.084258E+00   -2.563465E+00   
 2.124558E+00   -2.635078E+00   
 2.165598E+00   -2.708131E+00   
 2.207383E+00   -2.782638E+00   
 2.249917E+00   -2.858613E+00   
 2.293205E+00   -2.936067E+00   
 2.337249E+00   -3.015011E+00   
 2.382051E+00   -3.095456E+00   
 2.427612E+00   -3.177409E+00   
 2.473934E+00   -3.260877E+00   
 2.521015E+00   -3.345864E+00   
 2.568854E+00   -3.432374E+00   
 2.617447E+00   -3.520408E+00   
 2.666791E+00   -3.609964E+00   
 2.716881E+00   -3.701040E+00   
 2.767709E+00   -3.793630E+00   
 2.819267E+00   -3.887725E+00   
 2.871546E+00   -3.983316E+00   
 2.924535E+00   -4.080388E+00   
 2.978221E+00   -4.178925E+00   
 3.032589E+00   -4.278907E+00   
 3.087623E+00   -4.380312E+00   
 3.143304E+00   -4.483113E+00   
 3.199613E+00   -4.587280E+00   
 3.256527E+00   -4.692780E+00   
 3.314021E+00   -4.799576E+00   
 3.372069E+00   -4.907625E+00   
 3.430643E+00   -5.016882E+00   
 3.489710E+00   -5.127297E+00   
 3.549238E+00   -5.238815E+00   
 3.609191E+00   -5.351378E+00   
 3.669530E+00   -5.464922E+00   
 3.730215E+00   -5.579377E+00   
 3.791201E+00   -5.694672E+00   
 3.852443E+00   -5.810726E+00   
 3.913893E+00   -5.927457E+00   
 3.975497E+00   -6.044775E+00   
 4.037204E+00   -6.162587E+00   
 4.098955E+00   -6.280794E+00   
 4.160693E+00   -6.399291E+00   
 4.222354E+00   -6.517969E+00   
 4.283875E+00   -6.636712E+00   
 4.345188E+00   -6.755401E+00   
 4.406224E+00   -6.873911E+00   
 4.466912E+00   -6.992112E+00   
 4.527177E+00   -7.109869E+00   
 4.586943E+00   -7.227044E+00   
 4.646133E+00   -7.343491E+00   
 4.704665E+00   -7.459065E+00   
 4.762458E+00   -7.573611E+00   
 4.819428E+00   -7.686976E+00   
 4.875491E+00   -7.799001E+00   
 4.930561E+00   -7.909523E+00   
 4.984550E+00   -8.018377E+00   
 5.037371E+00   -8.125399E+00   
 5.088936E+00   -8.230418E+00   
 5.139156E+00   -8.333266E+00   
 5.187942E+00   -8.433772E+00   
 5.235208E+00   -8.531766E+00   
 5.280865E+00   -8.627077E+00   
 5.324827E+00   -8.719535E+00   
 5.367008E+00   -8.808973E+00   
 5.407325E+00   -8.895224E+00   
 5.445697E+00   -8.978125E+00   
 5.482043E+00   -9.057517E+00   
 5.516287E+00   -9.133242E+00   
 5.548355E+00   -9.205149E+00   
 5.578175E+00   -9.273093E+00   
 5.605680E+00   -9.336931E+00   
 5.630807E+00   -9.396530E+00   
 5.653495E+00   -9.451763E+00   
 5.673690E+00   -9.502509E+00   
 5.691340E+00   -9.548656E+00   
 5.706402E+00   -9.590103E+00   
 5.718833E+00   -9.626755E+00   
 5.728598E+00   -9.658526E+00   
 5.735668E+00   -9.685344E+00   
 5.740019E+00   -9.707144E+00   
 5.741632E+00   -9.723872E+00   
 5.740496E+00   -9.735485E+00   
 5.736603E+00   -9.741953E+00   
 5.729953E+00   -9.743255E+00   
 5.720553E+00   -9.739383E+00   
 5.708414E+00   -9.730339E+00   
 5.693553E+00   -9.716138E+00   
 5.675995E+00   -9.696805E+00   
 5.655769E+00   -9.672377E+00   
 5.632911E+00   -9.642902E+00   
 5.607461E+00   -9.608440E+00   
 5.579466E+00   -9.569060E+00   
 5.548977E+00   -9.524843E+00   
 5.516051E+00   -9.475877E+00   
 5.480749E+00   -9.422263E+00   
 5.443137E+00   -9.364109E+00   
 5.403284E+00   -9.301532E+00   
 5.361265E+00   -9.234658E+00   
 5.317157E+00   -9.163619E+00   
 5.271039E+00   -9.088554E+00   
 5.222996E+00   -9.009611E+00   
 5.173114E+00   -8.926940E+00   
 5.121481E+00   -8.840698E+00   
 5.068187E+00   -8.751047E+00   
 5.013324E+00   -8.658152E+00   
 4.956985E+00   -8.562180E+00   
 4.899263E+00   -8.463303E+00   
 4.840254E+00   -8.361692E+00   
 4.780051E+00   -8.257523E+00   
 4.718749E+00   -8.150970E+00   
 4.656443E+00   -8.042208E+00   
 4.593225E+00   -7.931411E+00   
 4.529189E+00   -7.818752E+00   
 4.464427E+00   -7.704404E+00   
 4.399027E+00   -7.588537E+00   
 4.333079E+00   -7.471318E+00   
 4.266669E+00   -7.352913E+00   
 4.199882E+00   -7.233483E+00   
 4.132800E+00   -7.113186E+00   
 4.065503E+00   -6.992177E+00   
 3.998069E+00   -6.870605E+00   
 3.930573E+00   -6.748617E+00   
 3.863087E+00   -6.626353E+00   
 3.795680E+00   -6.503949E+00   
 3.728419E+00   -6.381538E+00   
 3.661369E+00   -6.259244E+00   
 3.594589E+00   -6.137189E+00   
 3.528137E+00   -6.015488E+00   
 3.462069E+00   -5.894250E+00   
 3.396436E+00   -5.773582E+00   
 3.331287E+00   -5.653581E+00   
 3.266668E+00   -5.534341E+00   
 3.202622E+00   -5.415951E+00   
 3.139189E+00   -5.298494E+00   
 3.076407E+00   -5.182046E+00   
 3.014309E+00   -5.066682E+00   
 2.952929E+00   -4.952467E+00   
 2.892294E+00   -4.839465E+00   
 2.832432E+00   -4.727733E+00   
 2.773366E+00   -4.617323E+00   
 2.715119E+00   -4.508284E+00   
 2.657710E+00   -4.400659E+00   
 2.601156E+00   -4.294488E+00   
 2.545471E+00   -4.189806E+00   
 2.490670E+00   -4.086644E+00   
 2.436763E+00   -3.985029E+00   
 2.383759E+00   -3.884986E+00   
 2.331665E+00   -3.786534E+00   
 2.280488E+00   -3.689690E+00   
 2.230230E+00   -3.594468E+00   
 2.180896E+00   -3.500879E+00   
 2.132485E+00   -3.408930E+00   
 2.084998E+00   -3.318626E+00   
 2.038433E+00   -3.229970E+00   
 1.992787E+00   -3.142962E+00   
 1.948058E+00   -3.057601E+00   
 1.904239E+00   -2.973880E+00   
 1.861325E+00   -2.891796E+00   
 1.819309E+00   -2.811338E+00   
 1.778185E+00   -2.732499E+00   
 1.737944E+00   -2.655266E+00   
 1.698577E+00   -2.579627E+00   
 1.660074E+00   -2.505568E+00   
 1.622426E+00   -2.433073E+00   
 1.585621E+00   -2.362127E+00   
 1.549650E+00   -2.292711E+00   
 1.514500E+00   -2.224807E+00   
 1.480160E+00   -2.158396E+00   
 1.446617E+00   -2.093459E+00   
 1.413860E+00   -2.029975E+00   
 1.381876E+00   -1.967922E+00   
 1.350651E+00   -1.907278E+00   
 1.320173E+00   -1.848023E+00   
 1.290429E+00   -1.790134E+00   
 1.261405E+00   -1.733587E+00   
 1.233089E+00   -1.678359E+00   
 1.205467E+00   -1.624429E+00   
 1.178525E+00   -1.571771E+00   
 1.152251E+00   -1.520364E+00   
 1.126631E+00   -1.470182E+00   
 1.101651E+00   -1.421204E+00   
 1.077300E+00   -1.373405E+00   
 1.053562E+00   -1.326763E+00   
 1.030426E+00   -1.281253E+00   
 1.007879E+00   -1.236853E+00   
 9.859070E-01   -1.193539E+00   
 9.644982E-01   -1.151289E+00   
 9.436400E-01   -1.110081E+00   
 9.233200E-01   -1.069891E+00   
 9.035258E-01   -1.030698E+00   
 8.842456E-01   -9.924791E-01   
 8.654674E-01   -9.552136E-01   
 8.471795E-01   -9.188798E-01   
 8.293703E-01   -8.834565E-01   
 8.120287E-01   -8.489230E-01   
 7.951434E-01   -8.152589E-01   
 7.787035E-01   -7.824440E-01   
 7.626983E-01   -7.504585E-01   
 7.471171E-01   -7.192829E-01   
 7.319498E-01   -6.888981E-01   
 7.171860E-01   -6.592853E-01   
 7.028159E-01   -6.304261E-01   
 6.888297E-01   -6.023023E-01   
 6.752179E-01   -5.748962E-01   
 6.619710E-01   -5.481904E-01   
 6.490801E-01   -5.221678E-01   
 6.365361E-01   -4.968117E-01   
 6.243302E-01   -4.721057E-01   
 6.124538E-01   -4.480338E-01   
 6.008987E-01   -4.245803E-01   
 5.896567E-01   -4.017299E-01   
 5.787196E-01   -3.794675E-01   
 5.680798E-01   -3.577785E-01   
 5.577295E-01   -3.366485E-01   
 5.476614E-01   -3.160634E-01   
 5.378681E-01   -2.960096E-01   
 5.283426E-01   -2.764737E-01   
 5.190780E-01   -2.574426E-01   
 5.100674E-01   -2.389034E-01   
 5.013043E-01   -2.208438E-01   
 4.927822E-01   -2.032515E-01   
 4.844949E-01   -1.861147E-01   
 4.764363E-01   -1.694217E-01   
 4.686004E-01   -1.531613E-01   
 4.609813E-01   -1.373223E-01   
 4.535735E-01   -1.218941E-01   
 4.463714E-01   -1.068661E-01   
 4.393696E-01   -9.222800E-02   
 4.325629E-01   -7.796989E-02   
 4.259461E-01   -6.408200E-02   
 4.195144E-01   -5.055483E-02   
 4.132628E-01   -3.737913E-02   
 4.071866E-01   -2.454586E-02   
 4.012813E-01   -1.204623E-02   
 3.955423E-01    1.283374E-04   
 3.899653E-01    1.198619E-02   
 3.845460E-01    2.353547E-02   
 3.792803E-01    3.478411E-02   
 3.741643E-01    4.573983E-02   
 3.691938E-01    5.641018E-02   
 3.643653E-01    6.680247E-02   
 3.596748E-01    7.692386E-02   
 3.551189E-01    8.678131E-02   
 3.506940E-01    9.638158E-02   
 3.463966E-01    1.057313E-01   
 3.422234E-01    1.148369E-01   
 3.381713E-01    1.237046E-01   
 3.342369E-01    1.323405E-01   
 3.304173E-01    1.407506E-01   
 3.267094E-01    1.489407E-01   
 3.231104E-01    1.569163E-01   
 3.196174E-01    1.646831E-01   
 3.162276E-01    1.722462E-01   
 3.129383E-01    1.796110E-01   
 3.097470E-01    1.867824E-01   
 3.066511E-01    1.937655E-01   
 3.036480E-01    2.005649E-01   
 3.007355E-01    2.071855E-01   
 2.979111E-01    2.136318E-01   
 2.951726E-01    2.199081E-01   
 2.925177E-01    2.260188E-01   
 2.899444E-01    2.319681E-01   
 2.874503E-01    2.377602E-01   
 2.850336E-01    2.433989E-01   
 2.826923E-01    2.488882E-01   
 2.804243E-01    2.542319E-01   
 2.782278E-01    2.594336E-01   
 2.761010E-01    2.644970E-01   
 2.740420E-01    2.694254E-01   
 2.720492E-01    2.742224E-01   
 2.701208E-01    2.788912E-01   
 2.682552E-01    2.834351E-01   
 2.664507E-01    2.878571E-01   
 2.647058E-01    2.921604E-01   
 2.630190E-01    2.963480E-01   
 2.613888E-01    3.004226E-01   
 2.598138E-01    3.043873E-01   
 2.582925E-01    3.082446E-01   
 2.568235E-01    3.119973E-01   
 2.554056E-01    3.156481E-01   
 2.540375E-01    3.191993E-01   
 2.527178E-01    3.226536E-01   
 2.514454E-01    3.260134E-01   
 2.502190E-01    3.292809E-01   
 2.490375E-01    3.324585E-01   
 2.478997E-01    3.355483E-01   
 2.468046E-01    3.385527E-01   
 2.457511E-01    3.414737E-01   
 2.447381E-01    3.443133E-01   
 2.437645E-01    3.470736E-01   
 2.428295E-01    3.497565E-01   
 2.419319E-01    3.523639E-01   
 2.410710E-01    3.548978E-01   
 2.402457E-01    3.573598E-01   
 2.394552E-01    3.597518E-01   
 2.386985E-01    3.620755E-01   
 2.379749E-01    3.643325E-01   
 2.372836E-01    3.665246E-01   
 2.366236E-01    3.686532E-01   
 2.359942E-01    3.707200E-01   
 2.353947E-01    3.727265E-01   
 2.348243E-01    3.746740E-01   
 2.342822E-01    3.765642E-01   
 2.337679E-01    3.783983E-01   
 2.332805E-01    3.801777E-01   
 2.328194E-01    3.819038E-01   
 2.323839E-01    3.835779E-01   
 2.319735E-01    3.852011E-01   
 2.315874E-01    3.867749E-01   
 2.312252E-01    3.883003E-01   
 2.308860E-01    3.897785E-01   
 2.305695E-01    3.912107E-01   
 2.302751E-01    3.925980E-01   
 2.300021E-01    3.939415E-01   
 2.297501E-01    3.952422E-01   
 2.295186E-01    3.965012E-01   
 2.293069E-01    3.977194E-01   
 2.291147E-01    3.988980E-01   
 2.289414E-01    4.000377E-01   
 2.287867E-01    4.011396E-01   
 2.286499E-01    4.022046E-01   
 2.285307E-01    4.032335E-01   
 2.284286E-01    4.042273E-01   
 2.283433E-01    4.051867E-01   
 2.282742E-01    4.061127E-01   
 2.282211E-01    4.070059E-01   
 2.281834E-01    4.078672E-01   
 2.281608E-01    4.086974E-01   
 2.281529E-01    4.094972E-01   
 2.281594E-01    4.102673E-01   
 2.281800E-01    4.110085E-01   
 2.282141E-01    4.117214E-01   
 2.282616E-01    4.124068E-01   
 2.283221E-01    4.130652E-01   
 2.283952E-01    4.136973E-01   
 2.284806E-01    4.143039E-01   
 2.285781E-01    4.148854E-01   
 2.286874E-01    4.154424E-01   
 2.288080E-01    4.159757E-01   
 2.289398E-01    4.164856E-01   
 2.290825E-01    4.169729E-01   
 2.292358E-01    4.174380E-01   
 2.293994E-01    4.178815E-01   
 2.295730E-01    4.183038E-01   
 2.297565E-01    4.187056E-01   
 2.299496E-01    4.190872E-01   
 2.301520E-01    4.194493E-01   
 2.303634E-01    4.197921E-01   
 2.305838E-01    4.201163E-01   
 2.308127E-01    4.204223E-01   
 2.310501E-01    4.207104E-01   
 2.312957E-01    4.209812E-01   
 2.315493E-01    4.212350E-01   
 2.318106E-01    4.214722E-01   
 2.320795E-01    4.216934E-01   
 2.323559E-01    4.218987E-01   
 2.326394E-01    4.220887E-01   
 2.329299E-01    4.222637E-01   
 2.332273E-01    4.224240E-01   
 2.335314E-01    4.225701E-01   
 2.338419E-01    4.227022E-01   
 2.341587E-01    4.228208E-01   
 2.344817E-01    4.229260E-01   
 2.348106E-01    4.230183E-01   
 2.351454E-01    4.230980E-01   
 2.354859E-01    4.231654E-01   
 2.358319E-01    4.232207E-01   
 2.361833E-01    4.232643E-01   
 2.365399E-01    4.232965E-01   
 2.369016E-01    4.233175E-01   
 2.372682E-01    4.233277E-01   
 2.376397E-01    4.233272E-01   
 2.380159E-01    4.233164E-01   
 2.383966E-01    4.232955E-01   
 2.387818E-01    4.232647E-01   
 2.391713E-01    4.232244E-01   
 2.395650E-01    4.231746E-01   
 2.399628E-01    4.231158E-01   
 2.403646E-01    4.230480E-01   
 2.407702E-01    4.229716E-01   
 2.411796E-01    4.228867E-01   
 2.415926E-01    4.227936E-01   
 2.420091E-01    4.226924E-01   
 2.424291E-01    4.225834E-01   
 2.428525E-01    4.224668E-01   
 2.432791E-01    4.223427E-01   
 2.437088E-01    4.222114E-01   
 2.441416E-01    4.220730E-01   
 2.445773E-01    4.219277E-01   
 2.450160E-01    4.217757E-01   
 2.454574E-01    4.216172E-01   
 2.459015E-01    4.214524E-01   
 2.463483E-01    4.212813E-01   
 2.467976E-01    4.211042E-01   
 2.472494E-01    4.209212E-01   
 2.477035E-01    4.207325E-01   
 2.481600E-01    4.205382E-01   
 2.486187E-01    4.203385E-01   
 2.490796E-01    4.201335E-01   
 2.495426E-01    4.199234E-01   
 2.500076E-01    4.197083E-01   
 2.504746E-01    4.194883E-01   
 2.509435E-01    4.192636E-01   
 2.514142E-01    4.190343E-01   
 2.518867E-01    4.188005E-01   
 2.523608E-01    4.185624E-01   
 2.528367E-01    4.183201E-01   
 2.533141E-01    4.180736E-01   
 2.537930E-01    4.178231E-01   
 2.542734E-01    4.175688E-01   
 2.547553E-01    4.173107E-01   
 2.552385E-01    4.170489E-01   
 2.557230E-01    4.167835E-01   
 2.562088E-01    4.165147E-01   
 2.566958E-01    4.162426E-01   
 2.571840E-01    4.159672E-01   
 2.576732E-01    4.156886E-01   
 2.581636E-01    4.154070E-01   
