-3.263012E-01    7.179122E-01   
-3.257083E-01    7.189574E-01   
-3.251149E-01    7.199994E-01   
-3.245208E-01    7.210382E-01   
-3.239261E-01    7.220739E-01   
-3.233308E-01    7.231065E-01   
-3.227350E-01    7.241359E-01   
-3.221385E-01    7.251621E-01   
-3.215415E-01    7.261851E-01   
-3.209438E-01    7.272050E-01   
-3.203456E-01    7.282217E-01   
-3.197468E-01    7.292352E-01   
-3.191475E-01    7.302455E-01   
-3.185475E-01    7.312527E-01   
-3.179470E-01    7.322566E-01   
-3.173459E-01    7.332574E-01   
-3.167443E-01    7.342550E-01   
-3.161420E-01    7.352494E-01   
-3.155392E-01    7.362405E-01   
-3.149358E-01    7.372285E-01   
-3.143319E-01    7.382133E-01   
-3.137274E-01    7.391949E-01   
-3.131223E-01    7.401733E-01   
-3.125167E-01    7.411484E-01   
-3.119105E-01    7.421203E-01   
-3.113038E-01    7.430891E-01   
-3.106965E-01    7.440546E-01   
-3.100887E-01    7.450168E-01   
-3.094803E-01    7.459759E-01   
-3.088713E-01    7.469317E-01   
-3.082618E-01    7.478843E-01   
-3.076518E-01    7.488337E-01   
-3.070412E-01    7.497798E-01   
-3.064301E-01    7.507227E-01   
-3.058184E-01    7.516623E-01   
-3.052062E-01    7.525987E-01   
-3.045934E-01    7.535319E-01   
-3.039801E-01    7.544618E-01   
-3.033663E-01    7.553884E-01   
-3.027519E-01    7.563118E-01   
-3.021370E-01    7.572320E-01   
-3.015216E-01    7.581489E-01   
-3.009056E-01    7.590625E-01   
-3.002891E-01    7.599728E-01   
-2.996721E-01    7.608799E-01   
-2.990546E-01    7.617837E-01   
-2.984365E-01    7.626843E-01   
-2.978179E-01    7.635816E-01   
-2.971988E-01    7.644756E-01   
-2.965791E-01    7.653663E-01   
-2.959590E-01    7.662537E-01   
-2.953383E-01    7.671379E-01   
-2.947171E-01    7.680187E-01   
-2.940954E-01    7.688963E-01   
-2.934732E-01    7.697706E-01   
-2.928504E-01    7.706416E-01   
-2.922271E-01    7.715093E-01   
-2.916034E-01    7.723736E-01   
-2.909791E-01    7.732347E-01   
-2.903543E-01    7.740925E-01   
-2.897290E-01    7.749470E-01   
-2.891032E-01    7.757982E-01   
-2.884769E-01    7.766460E-01   
-2.878500E-01    7.774906E-01   
-2.872227E-01    7.783318E-01   
-2.865949E-01    7.791697E-01   
-2.859665E-01    7.800043E-01   
-2.853377E-01    7.808355E-01   
-2.847083E-01    7.816635E-01   
-2.840785E-01    7.824881E-01   
-2.834482E-01    7.833094E-01   
-2.828173E-01    7.841273E-01   
-2.821860E-01    7.849419E-01   
-2.815541E-01    7.857532E-01   
-2.809218E-01    7.865611E-01   
-2.802890E-01    7.873657E-01   
-2.796557E-01    7.881670E-01   
-2.790219E-01    7.889649E-01   
-2.783875E-01    7.897594E-01   
-2.777527E-01    7.905506E-01   
-2.771174E-01    7.913384E-01   
-2.764817E-01    7.921229E-01   
-2.758454E-01    7.929041E-01   
-2.752086E-01    7.936818E-01   
-2.745714E-01    7.944562E-01   
-2.739336E-01    7.952273E-01   
-2.732954E-01    7.959949E-01   
-2.726567E-01    7.967592E-01   
-2.720175E-01    7.975201E-01   
-2.713778E-01    7.982777E-01   
-2.707376E-01    7.990319E-01   
-2.700969E-01    7.997826E-01   
-2.694558E-01    8.005300E-01   
-2.688142E-01    8.012741E-01   
-2.681720E-01    8.020147E-01   
-2.675294E-01    8.027519E-01   
-2.668864E-01    8.034858E-01   
-2.662428E-01    8.042163E-01   
-2.655987E-01    8.049433E-01   
-2.649542E-01    8.056670E-01   
-2.643092E-01    8.063872E-01   
-2.636637E-01    8.071041E-01   
-2.630177E-01    8.078175E-01   
-2.623712E-01    8.085276E-01   
-2.617243E-01    8.092342E-01   
-2.610768E-01    8.099374E-01   
-2.604289E-01    8.106372E-01   
-2.597805E-01    8.113336E-01   
-2.591317E-01    8.120266E-01   
-2.584823E-01    8.127161E-01   
-2.578325E-01    8.134022E-01   
-2.571821E-01    8.140849E-01   
-2.565313E-01    8.147641E-01   
-2.558800E-01    8.154400E-01   
-2.552283E-01    8.161123E-01   
-2.545760E-01    8.167813E-01   
-2.539233E-01    8.174468E-01   
-2.532701E-01    8.181089E-01   
-2.526164E-01    8.187675E-01   
-2.519622E-01    8.194226E-01   
-2.513075E-01    8.200744E-01   
-2.506524E-01    8.207226E-01   
-2.499967E-01    8.213674E-01   
-2.493406E-01    8.220088E-01   
-2.486840E-01    8.226467E-01   
-2.480269E-01    8.232811E-01   
-2.473694E-01    8.239121E-01   
-2.467113E-01    8.245396E-01   
-2.460528E-01    8.251636E-01   
-2.453937E-01    8.257841E-01   
-2.447342E-01    8.264012E-01   
-2.440742E-01    8.270148E-01   
-2.434137E-01    8.276249E-01   
-2.427527E-01    8.282315E-01   
-2.420912E-01    8.288347E-01   
-2.414292E-01    8.294343E-01   
-2.407668E-01    8.300305E-01   
-2.401038E-01    8.306231E-01   
-2.394403E-01    8.312123E-01   
-2.387764E-01    8.317979E-01   
-2.381119E-01    8.323801E-01   
-2.374470E-01    8.329587E-01   
-2.367816E-01    8.335339E-01   
-2.361156E-01    8.341055E-01   
-2.354492E-01    8.346736E-01   
-2.347822E-01    8.352382E-01   
-2.341148E-01    8.357993E-01   
-2.334468E-01    8.363568E-01   
-2.327784E-01    8.369108E-01   
-2.321094E-01    8.374613E-01   
-2.314400E-01    8.380082E-01   
-2.307700E-01    8.385516E-01   
-2.300995E-01    8.390915E-01   
-2.294285E-01    8.396278E-01   
-2.287570E-01    8.401606E-01   
-2.280850E-01    8.406899E-01   
-2.274124E-01    8.412155E-01   
-2.267394E-01    8.417376E-01   
-2.260658E-01    8.422562E-01   
-2.253917E-01    8.427712E-01   
-2.247170E-01    8.432826E-01   
-2.240419E-01    8.437905E-01   
-2.233662E-01    8.442948E-01   
-2.226900E-01    8.447955E-01   
-2.220133E-01    8.452926E-01   
-2.213360E-01    8.457861E-01   
-2.206582E-01    8.462761E-01   
-2.199798E-01    8.467625E-01   
-2.193010E-01    8.472452E-01   
-2.186215E-01    8.477244E-01   
-2.179416E-01    8.481999E-01   
-2.172611E-01    8.486719E-01   
-2.165800E-01    8.491402E-01   
-2.158984E-01    8.496050E-01   
-2.152162E-01    8.500661E-01   
-2.145335E-01    8.505236E-01   
-2.138502E-01    8.509774E-01   
-2.131664E-01    8.514276E-01   
-2.124820E-01    8.518742E-01   
-2.117970E-01    8.523172E-01   
-2.111115E-01    8.527565E-01   
-2.104253E-01    8.531921E-01   
-2.097387E-01    8.536241E-01   
-2.090514E-01    8.540525E-01   
-2.083635E-01    8.544772E-01   
-2.076751E-01    8.548982E-01   
-2.069861E-01    8.553155E-01   
-2.062965E-01    8.557292E-01   
-2.056063E-01    8.561392E-01   
-2.049155E-01    8.565455E-01   
-2.042241E-01    8.569481E-01   
-2.035321E-01    8.573470E-01   
-2.028395E-01    8.577422E-01   
-2.021462E-01    8.581337E-01   
-2.014524E-01    8.585215E-01   
-2.007579E-01    8.589056E-01   
-2.000629E-01    8.592859E-01   
-1.993672E-01    8.596626E-01   
-1.986708E-01    8.600355E-01   
-1.979738E-01    8.604046E-01   
-1.972762E-01    8.607700E-01   
-1.965780E-01    8.611317E-01   
-1.958791E-01    8.614896E-01   
-1.951795E-01    8.618437E-01   
-1.944793E-01    8.621941E-01   
-1.937784E-01    8.625407E-01   
-1.930769E-01    8.628835E-01   
-1.923746E-01    8.632225E-01   
-1.916717E-01    8.635578E-01   
-1.909682E-01    8.638892E-01   
-1.902639E-01    8.642168E-01   
-1.895590E-01    8.645407E-01   
-1.888533E-01    8.648607E-01   
-1.881470E-01    8.651768E-01   
-1.874399E-01    8.654892E-01   
-1.867321E-01    8.657977E-01   
-1.860237E-01    8.661023E-01   
-1.853144E-01    8.664031E-01   
-1.846045E-01    8.667000E-01   
-1.838938E-01    8.669931E-01   
-1.831824E-01    8.672822E-01   
-1.824702E-01    8.675675E-01   
-1.817573E-01    8.678489E-01   
-1.810436E-01    8.681264E-01   
-1.803292E-01    8.684000E-01   
-1.796140E-01    8.686696E-01   
-1.788980E-01    8.689354E-01   
-1.781812E-01    8.691972E-01   
-1.774636E-01    8.694550E-01   
-1.767452E-01    8.697089E-01   
-1.760260E-01    8.699588E-01   
-1.753060E-01    8.702048E-01   
-1.745852E-01    8.704467E-01   
-1.738635E-01    8.706847E-01   
-1.731410E-01    8.709187E-01   
-1.724176E-01    8.711487E-01   
-1.716934E-01    8.713746E-01   
-1.709684E-01    8.715965E-01   
-1.702424E-01    8.718144E-01   
-1.695156E-01    8.720282E-01   
-1.687879E-01    8.722380E-01   
-1.680593E-01    8.724436E-01   
-1.673298E-01    8.726452E-01   
-1.665994E-01    8.728427E-01   
-1.658680E-01    8.730361E-01   
-1.651357E-01    8.732254E-01   
-1.644025E-01    8.734105E-01   
-1.636683E-01    8.735915E-01   
-1.629332E-01    8.737683E-01   
-1.621971E-01    8.739410E-01   
-1.614600E-01    8.741095E-01   
-1.607219E-01    8.742738E-01   
-1.599828E-01    8.744338E-01   
-1.592427E-01    8.745897E-01   
-1.585016E-01    8.747413E-01   
-1.577595E-01    8.748887E-01   
-1.570163E-01    8.750318E-01   
-1.562720E-01    8.751706E-01   
-1.555267E-01    8.753052E-01   
-1.547803E-01    8.754354E-01   
-1.540327E-01    8.755613E-01   
-1.532841E-01    8.756829E-01   
-1.525344E-01    8.758001E-01   
-1.517835E-01    8.759130E-01   
-1.510315E-01    8.760214E-01   
-1.502784E-01    8.761255E-01   
-1.495240E-01    8.762251E-01   
-1.487685E-01    8.763203E-01   
-1.480118E-01    8.764111E-01   
-1.472539E-01    8.764974E-01   
-1.464948E-01    8.765792E-01   
-1.457344E-01    8.766565E-01   
-1.449727E-01    8.767292E-01   
-1.442098E-01    8.767974E-01   
-1.434456E-01    8.768611E-01   
-1.426801E-01    8.769202E-01   
-1.419133E-01    8.769746E-01   
-1.411452E-01    8.770245E-01   
-1.403757E-01    8.770697E-01   
-1.396048E-01    8.771102E-01   
-1.388326E-01    8.771460E-01   
-1.380589E-01    8.771772E-01   
-1.372839E-01    8.772036E-01   
-1.365074E-01    8.772252E-01   
-1.357294E-01    8.772421E-01   
-1.349500E-01    8.772541E-01   
-1.341691E-01    8.772614E-01   
-1.333867E-01    8.772637E-01   
-1.326028E-01    8.772612E-01   
-1.318173E-01    8.772539E-01   
-1.310302E-01    8.772415E-01   
-1.302416E-01    8.772243E-01   
-1.294513E-01    8.772020E-01   
-1.286595E-01    8.771748E-01   
-1.278659E-01    8.771425E-01   
-1.270707E-01    8.771051E-01   
-1.262738E-01    8.770627E-01   
-1.254752E-01    8.770151E-01   
-1.246749E-01    8.769624E-01   
-1.238727E-01    8.769045E-01   
-1.230688E-01    8.768414E-01   
-1.222631E-01    8.767730E-01   
-1.214556E-01    8.766994E-01   
-1.206462E-01    8.766204E-01   
-1.198349E-01    8.765361E-01   
-1.190216E-01    8.764465E-01   
-1.182065E-01    8.763514E-01   
-1.173894E-01    8.762509E-01   
-1.165703E-01    8.761449E-01   
-1.157491E-01    8.760334E-01   
-1.149259E-01    8.759163E-01   
-1.141007E-01    8.757936E-01   
-1.132733E-01    8.756653E-01   
-1.124438E-01    8.755313E-01   
-1.116121E-01    8.753916E-01   
-1.107783E-01    8.752462E-01   
-1.099422E-01    8.750950E-01   
-1.091038E-01    8.749379E-01   
-1.082632E-01    8.747749E-01   
-1.074202E-01    8.746060E-01   
-1.065748E-01    8.744312E-01   
-1.057271E-01    8.742503E-01   
-1.048769E-01    8.740634E-01   
-1.040243E-01    8.738703E-01   
-1.031691E-01    8.736711E-01   
-1.023115E-01    8.734657E-01   
-1.014512E-01    8.732540E-01   
-1.005883E-01    8.730360E-01   
-9.972282E-02    8.728116E-01   
-9.885461E-02    8.725809E-01   
-9.798366E-02    8.723436E-01   
-9.710993E-02    8.720999E-01   
-9.623339E-02    8.718495E-01   
-9.535399E-02    8.715925E-01   
-9.447168E-02    8.713288E-01   
-9.358643E-02    8.710583E-01   
-9.269819E-02    8.707810E-01   
-9.180691E-02    8.704969E-01   
-9.091254E-02    8.702057E-01   
-9.001505E-02    8.699076E-01   
-8.911437E-02    8.696024E-01   
-8.821046E-02    8.692900E-01   
-8.730327E-02    8.689704E-01   
-8.639275E-02    8.686435E-01   
-8.547885E-02    8.683093E-01   
-8.456151E-02    8.679676E-01   
-8.364068E-02    8.676185E-01   
-8.271631E-02    8.672617E-01   
-8.178833E-02    8.668973E-01   
-8.085670E-02    8.665251E-01   
-7.992135E-02    8.661452E-01   
-7.898222E-02    8.657573E-01   
-7.803926E-02    8.653614E-01   
-7.709239E-02    8.649575E-01   
-7.614157E-02    8.645454E-01   
-7.518672E-02    8.641250E-01   
-7.422778E-02    8.636963E-01   
-7.326468E-02    8.632592E-01   
-7.229736E-02    8.628136E-01   
-7.132574E-02    8.623593E-01   
-7.034976E-02    8.618963E-01   
-6.936935E-02    8.614245E-01   
-6.838442E-02    8.609437E-01   
-6.739492E-02    8.604539E-01   
-6.640075E-02    8.599550E-01   
-6.540185E-02    8.594468E-01   
-6.439813E-02    8.589293E-01   
-6.338951E-02    8.584023E-01   
-6.237592E-02    8.578657E-01   
-6.135726E-02    8.573194E-01   
-6.033346E-02    8.567632E-01   
-5.930442E-02    8.561972E-01   
-5.827006E-02    8.556210E-01   
-5.723029E-02    8.550346E-01   
-5.618501E-02    8.544379E-01   
-5.513413E-02    8.538307E-01   
-5.407756E-02    8.532129E-01   
-5.301519E-02    8.525843E-01   
-5.194693E-02    8.519449E-01   
-5.087268E-02    8.512944E-01   
-4.979232E-02    8.506327E-01   
-4.870577E-02    8.499597E-01   
-4.761290E-02    8.492752E-01   
-4.651360E-02    8.485790E-01   
-4.540778E-02    8.478710E-01   
-4.429530E-02    8.471510E-01   
-4.317606E-02    8.464189E-01   
-4.204993E-02    8.456744E-01   
-4.091679E-02    8.449175E-01   
-3.977652E-02    8.441478E-01   
-3.862899E-02    8.433653E-01   
-3.747407E-02    8.425697E-01   
-3.631164E-02    8.417609E-01   
-3.514154E-02    8.409386E-01   
-3.396366E-02    8.401027E-01   
-3.277784E-02    8.392529E-01   
-3.158394E-02    8.383891E-01   
-3.038182E-02    8.375110E-01   
-2.917133E-02    8.366184E-01   
-2.795232E-02    8.357111E-01   
-2.672462E-02    8.347888E-01   
-2.548808E-02    8.338513E-01   
-2.424254E-02    8.328985E-01   
-2.298784E-02    8.319299E-01   
-2.172379E-02    8.309455E-01   
-2.045024E-02    8.299448E-01   
-1.916700E-02    8.289278E-01   
-1.787390E-02    8.278940E-01   
-1.657074E-02    8.268433E-01   
-1.525735E-02    8.257753E-01   
-1.393353E-02    8.246898E-01   
-1.259908E-02    8.235864E-01   
-1.125380E-02    8.224649E-01   
-9.897495E-03    8.213250E-01   
-8.529949E-03    8.201663E-01   
-7.150949E-03    8.189886E-01   
-5.760278E-03    8.177915E-01   
-4.357713E-03    8.165746E-01   
-2.943026E-03    8.153377E-01   
-1.515984E-03    8.140803E-01   
-7.635017E-05    8.128022E-01   
 1.376119E-03    8.115030E-01   
 2.841672E-03    8.101822E-01   
 4.320562E-03    8.088395E-01   
 5.813049E-03    8.074745E-01   
 7.319397E-03    8.060869E-01   
 8.839877E-03    8.046761E-01   
 1.037477E-02    8.032418E-01   
 1.192435E-02    8.017836E-01   
 1.348891E-02    8.003009E-01   
 1.506875E-02    7.987935E-01   
 1.666417E-02    7.972607E-01   
 1.827548E-02    7.957021E-01   
 1.990300E-02    7.941173E-01   
 2.154704E-02    7.925057E-01   
 2.320795E-02    7.908669E-01   
 2.488604E-02    7.892003E-01   
 2.658169E-02    7.875054E-01   
 2.829522E-02    7.857816E-01   
 3.002702E-02    7.840284E-01   
 3.177744E-02    7.822453E-01   
 3.354687E-02    7.804315E-01   
 3.533568E-02    7.785867E-01   
 3.714429E-02    7.767100E-01   
 3.897309E-02    7.748010E-01   
 4.082250E-02    7.728589E-01   
 4.269293E-02    7.708832E-01   
 4.458483E-02    7.688730E-01   
 4.649864E-02    7.668279E-01   
 4.843480E-02    7.647469E-01   
 5.039380E-02    7.626295E-01   
 5.237609E-02    7.604748E-01   
 5.438216E-02    7.582822E-01   
 5.641252E-02    7.560508E-01   
 5.846768E-02    7.537798E-01   
 6.054814E-02    7.514685E-01   
 6.265445E-02    7.491159E-01   
 6.478716E-02    7.467213E-01   
 6.694681E-02    7.442837E-01   
 6.913399E-02    7.418023E-01   
 7.134927E-02    7.392760E-01   
 7.359327E-02    7.367041E-01   
 7.586658E-02    7.340855E-01   
 7.816984E-02    7.314192E-01   
 8.050369E-02    7.287042E-01   
 8.286879E-02    7.259394E-01   
 8.526581E-02    7.231239E-01   
 8.769544E-02    7.202564E-01   
 9.015840E-02    7.173359E-01   
 9.265539E-02    7.143611E-01   
 9.518717E-02    7.113310E-01   
 9.775449E-02    7.082444E-01   
 1.003581E-01    7.050998E-01   
 1.029989E-01    7.018962E-01   
 1.056776E-01    6.986322E-01   
 1.083950E-01    6.953064E-01   
 1.111521E-01    6.919175E-01   
 1.139496E-01    6.884640E-01   
 1.167886E-01    6.849446E-01   
 1.196698E-01    6.813576E-01   
 1.225943E-01    6.777017E-01   
 1.255630E-01    6.739753E-01   
 1.285769E-01    6.701767E-01   
 1.316370E-01    6.663043E-01   
 1.347443E-01    6.623565E-01   
 1.379000E-01    6.583314E-01   
 1.411050E-01    6.542274E-01   
 1.443605E-01    6.500426E-01   
 1.476677E-01    6.457752E-01   
 1.510276E-01    6.414232E-01   
 1.544416E-01    6.369847E-01   
 1.579108E-01    6.324576E-01   
 1.614365E-01    6.278400E-01   
 1.650199E-01    6.231297E-01   
 1.686624E-01    6.183245E-01   
 1.723654E-01    6.134222E-01   
 1.761301E-01    6.084205E-01   
 1.799581E-01    6.033171E-01   
 1.838508E-01    5.981096E-01   
 1.878097E-01    5.927955E-01   
 1.918362E-01    5.873723E-01   
 1.959319E-01    5.818373E-01   
 2.000985E-01    5.761880E-01   
 2.043376E-01    5.704216E-01   
 2.086508E-01    5.645352E-01   
 2.130399E-01    5.585261E-01   
 2.175066E-01    5.523913E-01   
 2.220528E-01    5.461277E-01   
 2.266802E-01    5.397323E-01   
 2.313907E-01    5.332019E-01   
 2.361863E-01    5.265331E-01   
 2.410690E-01    5.197228E-01   
 2.460407E-01    5.127674E-01   
 2.511036E-01    5.056634E-01   
 2.562598E-01    4.984073E-01   
 2.615114E-01    4.909953E-01   
 2.668608E-01    4.834236E-01   
 2.723100E-01    4.756884E-01   
 2.778616E-01    4.677857E-01   
 2.835178E-01    4.597113E-01   
 2.892811E-01    4.514612E-01   
 2.951540E-01    4.430310E-01   
 3.011391E-01    4.344162E-01   
 3.072389E-01    4.256126E-01   
 3.134562E-01    4.166153E-01   
 3.197937E-01    4.074197E-01   
 3.262541E-01    3.980209E-01   
 3.328403E-01    3.884139E-01   
 3.395553E-01    3.785938E-01   
 3.464020E-01    3.685552E-01   
 3.533835E-01    3.582929E-01   
 3.605029E-01    3.478015E-01   
 3.677633E-01    3.370752E-01   
 3.751681E-01    3.261084E-01   
 3.827205E-01    3.148953E-01   
 3.904239E-01    3.034299E-01   
 3.982818E-01    2.917061E-01   
 4.062978E-01    2.797175E-01   
 4.144753E-01    2.674580E-01   
 4.228181E-01    2.549208E-01   
 4.313299E-01    2.420993E-01   
 4.400146E-01    2.289867E-01   
 4.488760E-01    2.155761E-01   
 4.579181E-01    2.018603E-01   
 4.671448E-01    1.878321E-01   
 4.765604E-01    1.734840E-01   
 4.861689E-01    1.588086E-01   
 4.959747E-01    1.437980E-01   
 5.059820E-01    1.284445E-01   
 5.161951E-01    1.127401E-01   
 5.266187E-01    9.667658E-02   
 5.372571E-01    8.024569E-02   
 5.481150E-01    6.343899E-02   
 5.591970E-01    4.624790E-02   
 5.705077E-01    2.866368E-02   
 5.820521E-01    1.067749E-02   
 5.938348E-01   -7.719671E-03   
 6.058608E-01   -2.653694E-02   
 6.181350E-01   -4.578357E-02   
 6.306624E-01   -6.546895E-02   
 6.434479E-01   -8.560257E-02   
 6.564967E-01   -1.061941E-01   
 6.698138E-01   -1.272531E-01   
 6.834043E-01   -1.487896E-01   
 6.972734E-01   -1.708133E-01   
 7.114263E-01   -1.933344E-01   
 7.258680E-01   -2.163628E-01   
 7.406038E-01   -2.399087E-01   
 7.556388E-01   -2.639823E-01   
 7.709783E-01   -2.885938E-01   
 7.866272E-01   -3.137533E-01   
 8.025907E-01   -3.394712E-01   
 8.188739E-01   -3.657576E-01   
 8.354817E-01   -3.926228E-01   
 8.524192E-01   -4.200769E-01   
 8.696910E-01   -4.481301E-01   
 8.873021E-01   -4.767922E-01   
 9.052570E-01   -5.060732E-01   
 9.235602E-01   -5.359829E-01   
 9.422163E-01   -5.665308E-01   
 9.612293E-01   -5.977264E-01   
 9.806034E-01   -6.295787E-01   
 1.000342E+00   -6.620967E-01   
 1.020450E+00   -6.952891E-01   
 1.040930E+00   -7.291640E-01   
 1.061784E+00   -7.637295E-01   
 1.083017E+00   -7.989931E-01   
 1.104631E+00   -8.349618E-01   
 1.126627E+00   -8.716423E-01   
 1.149008E+00   -9.090405E-01   
 1.171775E+00   -9.471620E-01   
 1.194930E+00   -9.860116E-01   
 1.218472E+00   -1.025593E+00   
 1.242403E+00   -1.065911E+00   
 1.266721E+00   -1.106966E+00   
 1.291427E+00   -1.148762E+00   
 1.316518E+00   -1.191298E+00   
 1.341992E+00   -1.234574E+00   
 1.367847E+00   -1.278590E+00   
 1.394079E+00   -1.323343E+00   
 1.420684E+00   -1.368829E+00   
 1.447658E+00   -1.415044E+00   
 1.474994E+00   -1.461980E+00   
 1.502686E+00   -1.509632E+00   
 1.530728E+00   -1.557990E+00   
 1.559109E+00   -1.607042E+00   
 1.587822E+00   -1.656778E+00   
 1.616856E+00   -1.707182E+00   
 1.646200E+00   -1.758240E+00   
 1.675842E+00   -1.809934E+00   
 1.705768E+00   -1.862245E+00   
 1.735963E+00   -1.915150E+00   
 1.766413E+00   -1.968627E+00   
 1.797099E+00   -2.022650E+00   
 1.828005E+00   -2.077191E+00   
 1.859111E+00   -2.132220E+00   
 1.890395E+00   -2.187705E+00   
 1.921837E+00   -2.243611E+00   
 1.953414E+00   -2.299901E+00   
 1.985100E+00   -2.356536E+00   
 2.016869E+00   -2.413473E+00   
 2.048696E+00   -2.470669E+00   
 2.080551E+00   -2.528076E+00   
 2.112404E+00   -2.585646E+00   
 2.144225E+00   -2.643326E+00   
 2.175980E+00   -2.701062E+00   
 2.207638E+00   -2.758797E+00   
 2.239161E+00   -2.816472E+00   
 2.270516E+00   -2.874026E+00   
 2.301664E+00   -2.931394E+00   
 2.332567E+00   -2.988512E+00   
 2.363186E+00   -3.045310E+00   
 2.393480E+00   -3.101718E+00   
 2.423409E+00   -3.157666E+00   
 2.452931E+00   -3.213078E+00   
 2.482002E+00   -3.267880E+00   
 2.510581E+00   -3.321995E+00   
 2.538623E+00   -3.375344E+00   
 2.566083E+00   -3.427849E+00   
 2.592919E+00   -3.479430E+00   
 2.619085E+00   -3.530006E+00   
 2.644536E+00   -3.579496E+00   
 2.669230E+00   -3.627820E+00   
 2.693121E+00   -3.674895E+00   
 2.716166E+00   -3.720643E+00   
 2.738323E+00   -3.764981E+00   
 2.759548E+00   -3.807833E+00   
 2.779802E+00   -3.849120E+00   
 2.799044E+00   -3.888765E+00   
 2.817235E+00   -3.926694E+00   
 2.834337E+00   -3.962836E+00   
 2.850315E+00   -3.997119E+00   
 2.865135E+00   -4.029478E+00   
 2.878765E+00   -4.059847E+00   
 2.891173E+00   -4.088166E+00   
 2.902333E+00   -4.114378E+00   
 2.912219E+00   -4.138430E+00   
 2.920806E+00   -4.160270E+00   
 2.928075E+00   -4.179856E+00   
 2.934007E+00   -4.197145E+00   
 2.938587E+00   -4.212102E+00   
 2.941803E+00   -4.224696E+00   
 2.943644E+00   -4.234901E+00   
 2.944103E+00   -4.242695E+00   
 2.943178E+00   -4.248064E+00   
 2.940867E+00   -4.250997E+00   
 2.937173E+00   -4.251488E+00   
 2.932101E+00   -4.249539E+00   
 2.925659E+00   -4.245156E+00   
 2.917858E+00   -4.238349E+00   
 2.908712E+00   -4.229136E+00   
 2.898240E+00   -4.217538E+00   
 2.886460E+00   -4.203582E+00   
 2.873394E+00   -4.187301E+00   
 2.859069E+00   -4.168732E+00   
 2.843512E+00   -4.147916E+00   
 2.826752E+00   -4.124900E+00   
 2.808823E+00   -4.099734E+00   
 2.789757E+00   -4.072473E+00   
 2.769593E+00   -4.043175E+00   
 2.748367E+00   -4.011903E+00   
 2.726120E+00   -3.978721E+00   
 2.702893E+00   -3.943698E+00   
 2.678727E+00   -3.906905E+00   
 2.653668E+00   -3.868416E+00   
 2.627760E+00   -3.828306E+00   
 2.601048E+00   -3.786652E+00   
 2.573578E+00   -3.743534E+00   
 2.545397E+00   -3.699032E+00   
 2.516552E+00   -3.653226E+00   
 2.487090E+00   -3.606199E+00   
 2.457058E+00   -3.558032E+00   
 2.426503E+00   -3.508809E+00   
 2.395472E+00   -3.458610E+00   
 2.364010E+00   -3.407517E+00   
 2.332164E+00   -3.355612E+00   
 2.299979E+00   -3.302974E+00   
 2.267498E+00   -3.249683E+00   
 2.234765E+00   -3.195816E+00   
 2.201824E+00   -3.141449E+00   
 2.168714E+00   -3.086657E+00   
 2.135476E+00   -3.031512E+00   
 2.102149E+00   -2.976085E+00   
 2.068771E+00   -2.920445E+00   
 2.035378E+00   -2.864659E+00   
 2.002005E+00   -2.808790E+00   
 1.968687E+00   -2.752901E+00   
 1.935454E+00   -2.697050E+00   
 1.902338E+00   -2.641296E+00   
 1.869369E+00   -2.585692E+00   
 1.836573E+00   -2.530291E+00   
 1.803978E+00   -2.475141E+00   
 1.771608E+00   -2.420290E+00   
 1.739486E+00   -2.365782E+00   
 1.707635E+00   -2.311658E+00   
 1.676075E+00   -2.257958E+00   
 1.644826E+00   -2.204719E+00   
 1.613904E+00   -2.151975E+00   
 1.583327E+00   -2.099758E+00   
 1.553110E+00   -2.048097E+00   
 1.523266E+00   -1.997019E+00   
 1.493807E+00   -1.946550E+00   
 1.464746E+00   -1.896713E+00   
 1.436093E+00   -1.847528E+00   
 1.407856E+00   -1.799013E+00   
 1.380044E+00   -1.751187E+00   
 1.352664E+00   -1.704063E+00   
 1.325721E+00   -1.657654E+00   
 1.299221E+00   -1.611972E+00   
 1.273168E+00   -1.567027E+00   
 1.247565E+00   -1.522827E+00   
 1.222415E+00   -1.479378E+00   
 1.197719E+00   -1.436685E+00   
 1.173478E+00   -1.394752E+00   
 1.149694E+00   -1.353583E+00   
 1.126364E+00   -1.313177E+00   
 1.103490E+00   -1.273536E+00   
 1.081068E+00   -1.234659E+00   
 1.059097E+00   -1.196543E+00   
 1.037575E+00   -1.159186E+00   
 1.016498E+00   -1.122584E+00   
 9.958639E-01   -1.086734E+00   
 9.756681E-01   -1.051628E+00   
 9.559066E-01   -1.017263E+00   
 9.365752E-01   -9.836313E-01   
 9.176690E-01   -9.507257E-01   
 8.991832E-01   -9.185386E-01   
 8.811124E-01   -8.870622E-01   
 8.634513E-01   -8.562878E-01   
 8.461941E-01   -8.262065E-01   
 8.293352E-01   -7.968092E-01   
 8.128686E-01   -7.680861E-01   
 7.967881E-01   -7.400275E-01   
 7.810877E-01   -7.126232E-01   
 7.657610E-01   -6.858631E-01   
 7.508017E-01   -6.597366E-01   
 7.362033E-01   -6.342331E-01   
 7.219595E-01   -6.093419E-01   
 7.080636E-01   -5.850522E-01   
 6.945093E-01   -5.613531E-01   
 6.812899E-01   -5.382336E-01   
 6.683990E-01   -5.156829E-01   
 6.558301E-01   -4.936898E-01   
 6.435767E-01   -4.722435E-01   
 6.316323E-01   -4.513331E-01   
 6.199906E-01   -4.309476E-01   
 6.086451E-01   -4.110763E-01   
 5.975897E-01   -3.917083E-01   
 5.868179E-01   -3.728331E-01   
 5.763236E-01   -3.544399E-01   
 5.661008E-01   -3.365185E-01   
 5.561433E-01   -3.190582E-01   
 5.464453E-01   -3.020490E-01   
 5.370007E-01   -2.854807E-01   
 5.278039E-01   -2.693433E-01   
 5.188490E-01   -2.536269E-01   
 5.101306E-01   -2.383219E-01   
 5.016430E-01   -2.234186E-01   
 4.933807E-01   -2.089077E-01   
 4.853385E-01   -1.947799E-01   
 4.775112E-01   -1.810260E-01   
 4.698934E-01   -1.676372E-01   
 4.624802E-01   -1.546046E-01   
 4.552666E-01   -1.419197E-01   
 4.482477E-01   -1.295739E-01   
 4.414188E-01   -1.175590E-01   
 4.347752E-01   -1.058668E-01   
 4.283122E-01   -9.448935E-02   
 4.220255E-01   -8.341883E-02   
 4.159106E-01   -7.264759E-02   
 4.099633E-01   -6.216814E-02   
 4.041792E-01   -5.197316E-02   
 3.985544E-01   -4.205546E-02   
 3.930848E-01   -3.240805E-02   
 3.877665E-01   -2.302406E-02   
 3.825957E-01   -1.389678E-02   
 3.775685E-01   -5.019662E-03   
 3.726814E-01    3.613691E-03   
 3.679307E-01    1.200954E-02   
 3.633130E-01    2.017398E-02   
 3.588249E-01    2.811298E-02   
 3.544630E-01    3.583237E-02   
 3.502242E-01    4.333783E-02   
 3.461051E-01    5.063490E-02   
 3.421028E-01    5.772899E-02   
 3.382142E-01    6.462538E-02   
 3.344365E-01    7.132923E-02   
 3.307666E-01    7.784555E-02   
 3.272019E-01    8.417925E-02   
 3.237396E-01    9.033509E-02   
 3.203771E-01    9.631774E-02   
 3.171117E-01    1.021317E-01   
 3.139410E-01    1.077815E-01   
 3.108625E-01    1.132713E-01   
 3.078738E-01    1.186054E-01   
 3.049725E-01    1.237879E-01   
 3.021564E-01    1.288227E-01   
 2.994233E-01    1.337138E-01   
 2.967710E-01    1.384650E-01   
 2.941974E-01    1.430798E-01   
 2.917005E-01    1.475620E-01   
 2.892783E-01    1.519150E-01   
 2.869288E-01    1.561422E-01   
 2.846501E-01    1.602469E-01   
 2.824404E-01    1.642324E-01   
 2.802979E-01    1.681018E-01   
 2.782209E-01    1.718583E-01   
 2.762076E-01    1.755046E-01   
 2.742564E-01    1.790439E-01   
 2.723657E-01    1.824789E-01   
 2.705339E-01    1.858123E-01   
 2.687595E-01    1.890469E-01   
 2.670409E-01    1.921852E-01   
 2.653768E-01    1.952298E-01   
 2.637658E-01    1.981831E-01   
 2.622064E-01    2.010477E-01   
 2.606973E-01    2.038257E-01   
 2.592372E-01    2.065196E-01   
 2.578249E-01    2.091314E-01   
 2.564591E-01    2.116635E-01   
 2.551386E-01    2.141178E-01   
 2.538622E-01    2.164965E-01   
 2.526289E-01    2.188015E-01   
 2.514374E-01    2.210348E-01   
 2.502867E-01    2.231982E-01   
 2.491758E-01    2.252936E-01   
 2.481036E-01    2.273229E-01   
 2.470692E-01    2.292876E-01   
 2.460715E-01    2.311896E-01   
 2.451096E-01    2.330305E-01   
 2.441827E-01    2.348119E-01   
 2.432897E-01    2.365353E-01   
 2.424299E-01    2.382023E-01   
 2.416023E-01    2.398144E-01   
 2.408062E-01    2.413729E-01   
 2.400407E-01    2.428794E-01   
 2.393051E-01    2.443352E-01   
 2.385986E-01    2.457415E-01   
 2.379205E-01    2.470998E-01   
 2.372699E-01    2.484112E-01   
 2.366463E-01    2.496770E-01   
 2.360490E-01    2.508985E-01   
 2.354772E-01    2.520766E-01   
 2.349303E-01    2.532127E-01   
 2.344077E-01    2.543078E-01   
 2.339087E-01    2.553629E-01   
 2.334328E-01    2.563791E-01   
 2.329794E-01    2.573575E-01   
 2.325479E-01    2.582990E-01   
 2.321377E-01    2.592046E-01   
 2.317483E-01    2.600752E-01   
 2.313792E-01    2.609118E-01   
 2.310298E-01    2.617152E-01   
 2.306997E-01    2.624864E-01   
 2.303884E-01    2.632260E-01   
 2.300953E-01    2.639351E-01   
 2.298201E-01    2.646143E-01   
 2.295622E-01    2.652645E-01   
 2.293213E-01    2.658865E-01   
 2.290969E-01    2.664809E-01   
 2.288886E-01    2.670485E-01   
 2.286959E-01    2.675899E-01   
 2.285186E-01    2.681060E-01   
 2.283561E-01    2.685973E-01   
 2.282081E-01    2.690644E-01   
 2.280743E-01    2.695081E-01   
 2.279543E-01    2.699290E-01   
 2.278477E-01    2.703276E-01   
 2.277542E-01    2.707045E-01   
 2.276735E-01    2.710603E-01   
 2.276053E-01    2.713956E-01   
 2.275491E-01    2.717108E-01   
 2.275048E-01    2.720066E-01   
 2.274720E-01    2.722835E-01   
 2.274505E-01    2.725418E-01   
 2.274398E-01    2.727822E-01   
 2.274399E-01    2.730051E-01   
 2.274503E-01    2.732109E-01   
 2.274709E-01    2.734002E-01   
 2.275014E-01    2.735733E-01   
 2.275414E-01    2.737307E-01   
 2.275909E-01    2.738728E-01   
 2.276495E-01    2.740000E-01   
 2.277170E-01    2.741127E-01   
 2.277931E-01    2.742113E-01   
 2.278778E-01    2.742961E-01   
 2.279706E-01    2.743676E-01   
 2.280715E-01    2.744261E-01   
 2.281802E-01    2.744720E-01   
 2.282966E-01    2.745055E-01   
 2.284204E-01    2.745270E-01   
 2.285514E-01    2.745369E-01   
 2.286894E-01    2.745354E-01   
 2.288343E-01    2.745229E-01   
 2.289859E-01    2.744996E-01   
 2.291441E-01    2.744659E-01   
 2.293086E-01    2.744221E-01   
 2.294792E-01    2.743683E-01   
 2.296559E-01    2.743050E-01   
 2.298384E-01    2.742322E-01   
 2.300267E-01    2.741504E-01   
 2.302205E-01    2.740598E-01   
 2.304198E-01    2.739605E-01   
 2.306243E-01    2.738529E-01   
 2.308339E-01    2.737371E-01   
 2.310486E-01    2.736135E-01   
 2.312681E-01    2.734822E-01   
 2.314924E-01    2.733434E-01   
 2.317213E-01    2.731974E-01   
 2.319546E-01    2.730443E-01   
 2.321923E-01    2.728843E-01   
 2.324343E-01    2.727178E-01   
 2.326804E-01    2.725447E-01   
 2.329306E-01    2.723654E-01   
 2.331847E-01    2.721800E-01   
 2.334425E-01    2.719886E-01   
 2.337041E-01    2.717915E-01   
 2.339693E-01    2.715889E-01   
 2.342380E-01    2.713808E-01   
 2.345101E-01    2.711674E-01   
 2.347855E-01    2.709490E-01   
 2.350641E-01    2.707256E-01   
 2.353459E-01    2.704974E-01   
 2.356307E-01    2.702646E-01   
 2.359184E-01    2.700272E-01   
 2.362090E-01    2.697855E-01   
 2.365025E-01    2.695395E-01   
 2.367986E-01    2.692894E-01   
 2.370973E-01    2.690354E-01   
 2.373987E-01    2.687775E-01   
 2.377025E-01    2.685158E-01   
 2.380087E-01    2.682505E-01   
 2.383172E-01    2.679817E-01   
 2.386280E-01    2.677096E-01   
 2.389410E-01    2.674341E-01   
 2.392561E-01    2.671555E-01   
 2.395734E-01    2.668738E-01   
 2.398926E-01    2.665892E-01   
 2.402137E-01    2.663017E-01   
 2.405367E-01    2.660114E-01   
 2.408616E-01    2.657184E-01   
 2.411882E-01    2.654229E-01   
 2.415165E-01    2.651249E-01   
 2.418465E-01    2.648244E-01   
 2.421781E-01    2.645217E-01   
 2.425112E-01    2.642167E-01   
 2.428458E-01    2.639096E-01   
 2.431819E-01    2.636004E-01   
 2.435193E-01    2.632892E-01   
 2.438581E-01    2.629761E-01   
 2.441982E-01    2.626612E-01   
 2.445396E-01    2.623445E-01   
 2.448821E-01    2.620261E-01   
 2.452259E-01    2.617061E-01   
 2.455707E-01    2.613845E-01   
 2.459166E-01    2.610614E-01   
 2.462636E-01    2.607368E-01   
 2.466116E-01    2.604109E-01   
 2.469605E-01    2.600837E-01   
 2.473104E-01    2.597553E-01   
 2.476611E-01    2.594256E-01   
 2.480127E-01    2.590949E-01   
 2.483651E-01    2.587630E-01   
 2.487183E-01    2.584301E-01   
 2.490722E-01    2.580962E-01   
 2.494268E-01    2.577614E-01   
 2.497821E-01    2.574258E-01   
 2.501381E-01    2.570893E-01   
 2.504947E-01    2.567520E-01   
 2.508518E-01    2.564140E-01   
 2.512095E-01    2.560753E-01   
 2.515678E-01    2.557360E-01   
 2.519265E-01    2.553961E-01   
 2.522857E-01    2.550556E-01   
 2.526454E-01    2.547146E-01   
 2.530054E-01    2.543732E-01   
 2.533659E-01    2.540312E-01   
 2.537267E-01    2.536889E-01   
 2.540878E-01    2.533463E-01   
 2.544493E-01    2.530033E-01   
