0.000000E+00    0.000000E+00   
 1.952202E-04    9.761009E-05   
 3.904402E-04    1.952201E-04   
 5.856598E-04    2.928299E-04   
 7.808788E-04    3.904394E-04   
 9.760970E-04    4.880485E-04   
 1.171314E-03    5.856571E-04   
 1.366530E-03    6.832652E-04   
 1.561745E-03    7.808725E-04   
 1.756958E-03    8.784791E-04   
 1.952170E-03    9.760848E-04   
 2.147379E-03    1.073690E-03   
 2.342586E-03    1.171293E-03   
 2.537791E-03    1.268896E-03   
 2.732994E-03    1.366497E-03   
 2.928193E-03    1.464097E-03   
 3.123390E-03    1.561695E-03   
 3.318584E-03    1.659292E-03   
 3.513774E-03    1.756887E-03   
 3.708961E-03    1.854480E-03   
 3.904144E-03    1.952072E-03   
 4.099323E-03    2.049661E-03   
 4.294498E-03    2.147249E-03   
 4.489668E-03    2.244834E-03   
 4.684835E-03    2.342417E-03   
 4.879996E-03    2.439998E-03   
 5.075153E-03    2.537576E-03   
 5.270304E-03    2.635152E-03   
 5.465451E-03    2.732725E-03   
 5.660591E-03    2.830296E-03   
 5.855726E-03    2.927863E-03   
 6.050856E-03    3.025428E-03   
 6.245979E-03    3.122989E-03   
 6.441096E-03    3.220548E-03   
 6.636206E-03    3.318103E-03   
 6.831310E-03    3.415655E-03   
 7.026407E-03    3.513203E-03   
 7.221497E-03    3.610748E-03   
 7.416580E-03    3.708290E-03   
 7.611655E-03    3.805827E-03   
 7.806722E-03    3.903361E-03   
 8.001782E-03    4.000891E-03   
 8.196834E-03    4.098417E-03   
 8.391878E-03    4.195939E-03   
 8.586913E-03    4.293456E-03   
 8.781939E-03    4.390970E-03   
 8.976957E-03    4.488479E-03   
 9.171966E-03    4.585983E-03   
 9.366965E-03    4.683483E-03   
 9.561956E-03    4.780978E-03   
 9.756936E-03    4.878468E-03   
 9.951907E-03    4.975954E-03   
 1.014687E-02    5.073434E-03   
 1.034182E-02    5.170909E-03   
 1.053676E-02    5.268380E-03   
 1.073169E-02    5.365844E-03   
 1.092661E-02    5.463304E-03   
 1.112152E-02    5.560758E-03   
 1.131641E-02    5.658206E-03   
 1.151130E-02    5.755649E-03   
 1.170617E-02    5.853086E-03   
 1.190103E-02    5.950517E-03   
 1.209589E-02    6.047943E-03   
 1.229072E-02    6.145362E-03   
 1.248555E-02    6.242775E-03   
 1.268036E-02    6.340181E-03   
 1.287516E-02    6.437582E-03   
 1.306995E-02    6.534976E-03   
 1.326473E-02    6.632363E-03   
 1.345949E-02    6.729744E-03   
 1.365424E-02    6.827118E-03   
 1.384897E-02    6.924485E-03   
 1.404369E-02    7.021845E-03   
 1.423840E-02    7.119198E-03   
 1.443309E-02    7.216544E-03   
 1.462777E-02    7.313883E-03   
 1.482243E-02    7.411215E-03   
 1.501708E-02    7.508539E-03   
 1.521171E-02    7.605855E-03   
 1.540633E-02    7.703164E-03   
 1.560093E-02    7.800465E-03   
 1.579552E-02    7.897759E-03   
 1.599009E-02    7.995044E-03   
 1.618464E-02    8.092322E-03   
 1.637918E-02    8.189591E-03   
 1.657370E-02    8.286852E-03   
 1.676821E-02    8.384105E-03   
 1.696270E-02    8.481349E-03   
 1.715717E-02    8.578585E-03   
 1.735163E-02    8.675813E-03   
 1.754606E-02    8.773031E-03   
 1.774048E-02    8.870241E-03   
 1.793488E-02    8.967442E-03   
 1.812927E-02    9.064634E-03   
 1.832363E-02    9.161817E-03   
 1.851798E-02    9.258991E-03   
 1.871231E-02    9.356155E-03   
 1.890662E-02    9.453310E-03   
 1.910091E-02    9.550456E-03   
 1.929518E-02    9.647592E-03   
 1.948944E-02    9.744718E-03   
 1.968367E-02    9.841835E-03   
 1.987788E-02    9.938942E-03   
 2.007208E-02    1.003604E-02   
 2.026625E-02    1.013313E-02   
 2.046040E-02    1.023020E-02   
 2.065454E-02    1.032727E-02   
 2.084865E-02    1.042432E-02   
 2.104274E-02    1.052137E-02   
 2.123681E-02    1.061840E-02   
 2.143086E-02    1.071543E-02   
 2.162488E-02    1.081244E-02   
 2.181889E-02    1.090945E-02   
 2.201287E-02    1.100644E-02   
 2.220684E-02    1.110342E-02   
 2.240077E-02    1.120039E-02   
 2.259469E-02    1.129735E-02   
 2.278859E-02    1.139429E-02   
 2.298246E-02    1.149123E-02   
 2.317631E-02    1.158815E-02   
 2.337013E-02    1.168507E-02   
 2.356393E-02    1.178197E-02   
 2.375771E-02    1.187886E-02   
 2.395147E-02    1.197573E-02   
 2.414520E-02    1.207260E-02   
 2.433890E-02    1.216945E-02   
 2.453258E-02    1.226629E-02   
 2.472624E-02    1.236312E-02   
 2.491987E-02    1.245994E-02   
 2.511348E-02    1.255674E-02   
 2.530706E-02    1.265353E-02   
 2.550062E-02    1.275031E-02   
 2.569415E-02    1.284708E-02   
 2.588766E-02    1.294383E-02   
 2.608114E-02    1.304057E-02   
 2.627459E-02    1.313730E-02   
 2.646802E-02    1.323401E-02   
 2.666142E-02    1.333071E-02   
 2.685479E-02    1.342740E-02   
 2.704814E-02    1.352407E-02   
 2.724146E-02    1.362073E-02   
 2.743475E-02    1.371738E-02   
 2.762802E-02    1.381401E-02   
 2.782125E-02    1.391063E-02   
 2.801446E-02    1.400723E-02   
 2.820765E-02    1.410382E-02   
 2.840080E-02    1.420040E-02   
 2.859392E-02    1.429696E-02   
 2.878702E-02    1.439351E-02   
 2.898009E-02    1.449004E-02   
 2.917313E-02    1.458656E-02   
 2.936613E-02    1.468307E-02   
 2.955911E-02    1.477956E-02   
 2.975206E-02    1.487603E-02   
 2.994498E-02    1.497249E-02   
 3.013787E-02    1.506894E-02   
 3.033073E-02    1.516537E-02   
 3.052356E-02    1.526178E-02   
 3.071636E-02    1.535818E-02   
 3.090913E-02    1.545457E-02   
 3.110187E-02    1.555093E-02   
 3.129458E-02    1.564729E-02   
 3.148725E-02    1.574363E-02   
 3.167989E-02    1.583995E-02   
 3.187250E-02    1.593625E-02   
 3.206508E-02    1.603254E-02   
 3.225763E-02    1.612882E-02   
 3.245015E-02    1.622507E-02   
 3.264263E-02    1.632131E-02   
 3.283508E-02    1.641754E-02   
 3.302750E-02    1.651375E-02   
 3.321988E-02    1.660994E-02   
 3.341223E-02    1.670612E-02   
 3.360455E-02    1.680227E-02   
 3.379683E-02    1.689842E-02   
 3.398908E-02    1.699454E-02   
 3.418130E-02    1.709065E-02   
 3.437348E-02    1.718674E-02   
 3.456562E-02    1.728281E-02   
 3.475774E-02    1.737887E-02   
 3.494981E-02    1.747491E-02   
 3.514186E-02    1.757093E-02   
 3.533386E-02    1.766693E-02   
 3.552584E-02    1.776292E-02   
 3.571777E-02    1.785889E-02   
 3.590967E-02    1.795484E-02   
 3.610154E-02    1.805077E-02   
 3.629336E-02    1.814668E-02   
 3.648516E-02    1.824258E-02   
 3.667691E-02    1.833846E-02   
 3.686863E-02    1.843431E-02   
 3.706031E-02    1.853016E-02   
 3.725196E-02    1.862598E-02   
 3.744356E-02    1.872178E-02   
 3.763513E-02    1.881757E-02   
 3.782666E-02    1.891333E-02   
 3.801816E-02    1.900908E-02   
 3.820961E-02    1.910481E-02   
 3.840103E-02    1.920052E-02   
 3.859241E-02    1.929621E-02   
 3.878375E-02    1.939188E-02   
 3.897505E-02    1.948753E-02   
 3.916632E-02    1.958316E-02   
 3.935754E-02    1.967877E-02   
 3.954872E-02    1.977436E-02   
 3.973987E-02    1.986993E-02   
 3.993097E-02    1.996549E-02   
 4.012204E-02    2.006102E-02   
 4.031306E-02    2.015653E-02   
 4.050404E-02    2.025202E-02   
 4.069499E-02    2.034749E-02   
 4.088589E-02    2.044294E-02   
 4.107675E-02    2.053838E-02   
 4.126757E-02    2.063379E-02   
 4.145835E-02    2.072917E-02   
 4.164909E-02    2.082454E-02   
 4.183978E-02    2.091989E-02   
 4.203044E-02    2.101522E-02   
 4.222105E-02    2.111052E-02   
 4.241162E-02    2.120581E-02   
 4.260214E-02    2.130107E-02   
 4.279263E-02    2.139631E-02   
 4.298307E-02    2.149153E-02   
 4.317347E-02    2.158673E-02   
 4.336382E-02    2.168191E-02   
 4.355413E-02    2.177707E-02   
 4.374440E-02    2.187220E-02   
 4.393463E-02    2.196731E-02   
 4.412481E-02    2.206240E-02   
 4.431494E-02    2.215747E-02   
 4.450503E-02    2.225252E-02   
 4.469508E-02    2.234754E-02   
 4.488508E-02    2.244254E-02   
 4.507504E-02    2.253752E-02   
 4.526495E-02    2.263248E-02   
 4.545482E-02    2.272741E-02   
 4.564464E-02    2.282232E-02   
 4.583441E-02    2.291721E-02   
 4.602414E-02    2.301207E-02   
 4.621383E-02    2.310691E-02   
 4.640346E-02    2.320173E-02   
 4.659305E-02    2.329653E-02   
 4.678260E-02    2.339130E-02   
 4.697209E-02    2.348605E-02   
 4.716154E-02    2.358077E-02   
 4.735095E-02    2.367547E-02   
 4.754030E-02    2.377015E-02   
 4.772961E-02    2.386480E-02   
 4.791887E-02    2.395943E-02   
 4.810808E-02    2.405404E-02   
 4.829724E-02    2.414862E-02   
 4.848636E-02    2.424318E-02   
 4.867542E-02    2.433771E-02   
 4.886444E-02    2.443222E-02   
 4.905341E-02    2.452671E-02   
 4.924233E-02    2.462117E-02   
 4.943120E-02    2.471560E-02   
 4.962002E-02    2.481001E-02   
 4.980879E-02    2.490440E-02   
 4.999751E-02    2.499876E-02   
 5.018618E-02    2.509309E-02   
 5.037480E-02    2.518740E-02   
 5.056338E-02    2.528169E-02   
 5.075189E-02    2.537595E-02   
 5.094036E-02    2.547018E-02   
 5.112878E-02    2.556439E-02   
 5.131715E-02    2.565857E-02   
 5.150546E-02    2.575273E-02   
 5.169373E-02    2.584686E-02   
 5.188194E-02    2.594097E-02   
 5.207010E-02    2.603505E-02   
 5.225820E-02    2.612910E-02   
 5.244626E-02    2.622313E-02   
 5.263426E-02    2.631713E-02   
 5.282221E-02    2.641111E-02   
 5.301011E-02    2.650505E-02   
 5.319795E-02    2.659898E-02   
 5.338574E-02    2.669287E-02   
 5.357348E-02    2.678674E-02   
 5.376116E-02    2.688058E-02   
 5.394879E-02    2.697440E-02   
 5.413637E-02    2.706818E-02   
 5.432389E-02    2.716194E-02   
 5.451135E-02    2.725568E-02   
 5.469877E-02    2.734938E-02   
 5.488612E-02    2.744306E-02   
 5.507343E-02    2.753671E-02   
 5.526067E-02    2.763034E-02   
 5.544786E-02    2.772393E-02   
 5.563500E-02    2.781750E-02   
 5.582208E-02    2.791104E-02   
 5.600910E-02    2.800455E-02   
 5.619607E-02    2.809804E-02   
 5.638298E-02    2.819149E-02   
 5.656984E-02    2.828492E-02   
 5.675664E-02    2.837832E-02   
 5.694338E-02    2.847169E-02   
 5.713007E-02    2.856503E-02   
 5.731669E-02    2.865835E-02   
 5.750326E-02    2.875163E-02   
 5.768978E-02    2.884489E-02   
 5.787623E-02    2.893812E-02   
 5.806263E-02    2.903131E-02   
 5.824897E-02    2.912448E-02   
 5.843525E-02    2.921762E-02   
 5.862147E-02    2.931073E-02   
 5.880763E-02    2.940382E-02   
 5.899373E-02    2.949687E-02   
 5.917978E-02    2.958989E-02   
 5.936577E-02    2.968288E-02   
 5.955169E-02    2.977585E-02   
 5.973756E-02    2.986878E-02   
 5.992336E-02    2.996168E-02   
 6.010911E-02    3.005456E-02   
 6.029480E-02    3.014740E-02   
 6.048042E-02    3.024021E-02   
 6.066599E-02    3.033299E-02   
 6.085149E-02    3.042575E-02   
 6.103694E-02    3.051847E-02   
 6.122232E-02    3.061116E-02   
 6.140764E-02    3.070382E-02   
 6.159290E-02    3.079645E-02   
 6.177810E-02    3.088905E-02   
 6.196323E-02    3.098162E-02   
 6.214831E-02    3.107415E-02   
 6.233332E-02    3.116666E-02   
 6.251827E-02    3.125913E-02   
 6.270315E-02    3.135158E-02   
 6.288798E-02    3.144399E-02   
 6.307274E-02    3.153637E-02   
 6.325743E-02    3.162872E-02   
 6.344207E-02    3.172103E-02   
 6.362664E-02    3.181332E-02   
 6.381115E-02    3.190557E-02   
 6.399559E-02    3.199779E-02   
 6.417997E-02    3.208998E-02   
 6.436428E-02    3.218214E-02   
 6.454853E-02    3.227427E-02   
 6.473272E-02    3.236636E-02   
 6.491684E-02    3.245842E-02   
 6.510089E-02    3.255045E-02   
 6.528488E-02    3.264244E-02   
 6.546881E-02    3.273440E-02   
 6.565267E-02    3.282633E-02   
 6.583646E-02    3.291823E-02   
 6.602019E-02    3.301009E-02   
 6.620385E-02    3.310192E-02   
 6.638744E-02    3.319372E-02   
 6.657097E-02    3.328548E-02   
 6.675443E-02    3.337722E-02   
 6.693783E-02    3.346891E-02   
 6.712115E-02    3.356058E-02   
 6.730441E-02    3.365221E-02   
 6.748761E-02    3.374380E-02   
 6.767073E-02    3.383537E-02   
 6.785379E-02    3.392689E-02   
 6.803678E-02    3.401839E-02   
 6.821970E-02    3.410985E-02   
 6.840255E-02    3.420128E-02   
 6.858534E-02    3.429267E-02   
 6.876805E-02    3.438403E-02   
 6.895070E-02    3.447535E-02   
 6.913328E-02    3.456664E-02   
 6.931578E-02    3.465789E-02   
 6.949822E-02    3.474911E-02   
 6.968059E-02    3.484030E-02   
 6.986289E-02    3.493145E-02   
 7.004512E-02    3.502256E-02   
 7.022728E-02    3.511364E-02   
 7.040937E-02    3.520468E-02   
 7.059139E-02    3.529569E-02   
 7.077334E-02    3.538667E-02   
 7.095521E-02    3.547761E-02   
 7.113702E-02    3.556851E-02   
 7.131875E-02    3.565938E-02   
 7.150042E-02    3.575021E-02   
 7.168201E-02    3.584100E-02   
 7.186353E-02    3.593176E-02   
 7.204497E-02    3.602249E-02   
 7.222635E-02    3.611317E-02   
 7.240765E-02    3.620383E-02   
 7.258888E-02    3.629444E-02   
 7.277004E-02    3.638502E-02   
 7.295112E-02    3.647556E-02   
 7.313213E-02    3.656607E-02   
 7.331307E-02    3.665654E-02   
 7.349394E-02    3.674697E-02   
 7.367473E-02    3.683736E-02   
 7.385545E-02    3.692772E-02   
 7.403609E-02    3.701804E-02   
 7.421666E-02    3.710833E-02   
 7.439715E-02    3.719858E-02   
 7.457757E-02    3.728879E-02   
 7.475792E-02    3.737896E-02   
 7.493819E-02    3.746909E-02   
 7.511839E-02    3.755919E-02   
 7.529851E-02    3.764925E-02   
 7.547855E-02    3.773928E-02   
 7.565852E-02    3.782926E-02   
 7.583841E-02    3.791921E-02   
 7.601823E-02    3.800912E-02   
 7.619797E-02    3.809899E-02   
 7.637764E-02    3.818882E-02   
 7.655722E-02    3.827861E-02   
 7.673674E-02    3.836837E-02   
 7.691617E-02    3.845809E-02   
 7.709553E-02    3.854776E-02   
 7.727481E-02    3.863740E-02   
 7.745401E-02    3.872701E-02   
 7.763314E-02    3.881657E-02   
 7.781218E-02    3.890609E-02   
 7.799115E-02    3.899558E-02   
 7.817005E-02    3.908502E-02   
 7.834886E-02    3.917443E-02   
 7.852759E-02    3.926380E-02   
 7.870625E-02    3.935312E-02   
 7.888483E-02    3.944241E-02   
 7.906332E-02    3.953166E-02   
 7.924174E-02    3.962087E-02   
 7.942008E-02    3.971004E-02   
 7.959834E-02    3.979917E-02   
 7.977652E-02    3.988826E-02   
 7.995462E-02    3.997731E-02   
 8.013264E-02    4.006632E-02   
 8.031058E-02    4.015529E-02   
 8.048844E-02    4.024422E-02   
 8.066622E-02    4.033311E-02   
 8.084392E-02    4.042196E-02   
 8.102153E-02    4.051077E-02   
 8.119907E-02    4.059953E-02   
 8.137652E-02    4.068826E-02   
 8.155390E-02    4.077695E-02   
 8.173119E-02    4.086559E-02   
 8.190840E-02    4.095420E-02   
 8.208552E-02    4.104276E-02   
 8.226257E-02    4.113128E-02   
 8.243953E-02    4.121977E-02   
 8.261641E-02    4.130820E-02   
 8.279321E-02    4.139660E-02   
 8.296992E-02    4.148496E-02   
 8.314655E-02    4.157328E-02   
 8.332310E-02    4.166155E-02   
 8.349956E-02    4.174978E-02   
 8.367594E-02    4.183797E-02   
 8.385224E-02    4.192612E-02   
 8.402845E-02    4.201423E-02   
 8.420458E-02    4.210229E-02   
 8.438062E-02    4.219031E-02   
 8.455658E-02    4.227829E-02   
 8.473246E-02    4.236623E-02   
 8.490825E-02    4.245412E-02   
 8.508395E-02    4.254198E-02   
 8.525957E-02    4.262979E-02   
 8.543511E-02    4.271755E-02   
 8.561055E-02    4.280528E-02   
 8.578592E-02    4.289296E-02   
 8.596119E-02    4.298060E-02   
 8.613638E-02    4.306819E-02   
 8.631149E-02    4.315574E-02   
 8.648651E-02    4.324325E-02   
 8.666144E-02    4.333072E-02   
 8.683628E-02    4.341814E-02   
 8.701104E-02    4.350552E-02   
 8.718571E-02    4.359285E-02   
 8.736029E-02    4.368015E-02   
 8.753479E-02    4.376739E-02   
 8.770919E-02    4.385460E-02   
 8.788351E-02    4.394176E-02   
 8.805774E-02    4.402887E-02   
 8.823189E-02    4.411594E-02   
 8.840594E-02    4.420297E-02   
 8.857991E-02    4.428995E-02   
 8.875379E-02    4.437689E-02   
 8.892757E-02    4.446379E-02   
 8.910127E-02    4.455064E-02   
 8.927488E-02    4.463744E-02   
 8.944841E-02    4.472420E-02   
 8.962184E-02    4.481092E-02   
 8.979518E-02    4.489759E-02   
 8.996843E-02    4.498421E-02   
 9.014159E-02    4.507079E-02   
 9.031466E-02    4.515733E-02   
 9.048764E-02    4.524382E-02   
 9.066053E-02    4.533027E-02   
 9.083333E-02    4.541666E-02   
 9.100604E-02    4.550302E-02   
 9.117865E-02    4.558933E-02   
 9.135118E-02    4.567559E-02   
 9.152361E-02    4.576181E-02   
 9.169595E-02    4.584798E-02   
 9.186820E-02    4.593410E-02   
 9.204036E-02    4.602018E-02   
 9.221243E-02    4.610621E-02   
 9.238440E-02    4.619220E-02   
 9.255628E-02    4.627814E-02   
 9.272807E-02    4.636404E-02   
 9.289977E-02    4.644988E-02   
 9.307137E-02    4.653568E-02   
 9.324288E-02    4.662144E-02   
 9.341429E-02    4.670715E-02   
 9.358561E-02    4.679281E-02   
 9.375684E-02    4.687842E-02   
 9.392798E-02    4.696399E-02   
 9.409902E-02    4.704951E-02   
 9.426996E-02    4.713498E-02   
 9.444081E-02    4.722041E-02   
 9.461157E-02    4.730579E-02   
 9.478223E-02    4.739112E-02   
 9.495280E-02    4.747640E-02   
 9.512327E-02    4.756164E-02   
 9.529365E-02    4.764682E-02   
 9.546393E-02    4.773196E-02   
 9.563411E-02    4.781706E-02   
 9.580420E-02    4.790210E-02   
 9.597420E-02    4.798710E-02   
 9.614409E-02    4.807205E-02   
 9.631389E-02    4.815695E-02   
 9.648360E-02    4.824180E-02   
 9.665321E-02    4.832660E-02   
 9.682272E-02    4.841136E-02   
 9.699213E-02    4.849607E-02   
 9.716145E-02    4.858072E-02   
 9.733067E-02    4.866533E-02   
 9.749979E-02    4.874989E-02   
 9.766881E-02    4.883441E-02   
 9.783774E-02    4.891887E-02   
 9.800657E-02    4.900328E-02   
 9.817530E-02    4.908765E-02   
 9.834393E-02    4.917197E-02   
 9.851246E-02    4.925623E-02   
 9.868090E-02    4.934045E-02   
 9.884923E-02    4.942462E-02   
 9.901747E-02    4.950873E-02   
 9.918561E-02    4.959280E-02   
 9.935364E-02    4.967682E-02   
 9.952158E-02    4.976079E-02   
 9.968942E-02    4.984471E-02   
 9.985716E-02    4.992858E-02   
 1.000248E-01    5.001240E-02   
 1.001923E-01    5.009617E-02   
 1.003598E-01    5.017989E-02   
 1.005271E-01    5.026356E-02   
 1.006944E-01    5.034718E-02   
 1.008615E-01    5.043074E-02   
 1.010285E-01    5.051426E-02   
 1.011955E-01    5.059773E-02   
 1.013623E-01    5.068114E-02   
 1.015290E-01    5.076451E-02   
 1.016956E-01    5.084782E-02   
 1.018622E-01    5.093109E-02   
 1.020286E-01    5.101430E-02   
 1.021949E-01    5.109746E-02   
 1.023611E-01    5.118057E-02   
 1.025273E-01    5.126363E-02   
 1.026933E-01    5.134664E-02   
 1.028592E-01    5.142959E-02   
 1.030250E-01    5.151250E-02   
 1.031907E-01    5.159535E-02   
 1.033563E-01    5.167815E-02   
 1.035218E-01    5.176090E-02   
 1.036872E-01    5.184360E-02   
 1.038525E-01    5.192624E-02   
 1.040177E-01    5.200884E-02   
 1.041828E-01    5.209138E-02   
 1.043477E-01    5.217387E-02   
 1.045126E-01    5.225631E-02   
 1.046774E-01    5.233869E-02   
 1.048420E-01    5.242102E-02   
 1.050066E-01    5.250330E-02   
 1.051711E-01    5.258553E-02   
 1.053354E-01    5.266770E-02   
 1.054996E-01    5.274982E-02   
 1.056638E-01    5.283189E-02   
 1.058278E-01    5.291391E-02   
 1.059917E-01    5.299587E-02   
 1.061556E-01    5.307778E-02   
 1.063193E-01    5.315964E-02   
 1.064829E-01    5.324144E-02   
 1.066464E-01    5.332319E-02   
 1.068098E-01    5.340489E-02   
 1.069731E-01    5.348653E-02   
 1.071362E-01    5.356812E-02   
 1.072993E-01    5.364966E-02   
 1.074623E-01    5.373114E-02   
 1.076251E-01    5.381257E-02   
 1.077879E-01    5.389394E-02   
 1.079505E-01    5.397526E-02   
 1.081131E-01    5.405653E-02   
 1.082755E-01    5.413774E-02   
 1.084378E-01    5.421890E-02   
 1.086000E-01    5.430000E-02   
 1.087621E-01    5.438105E-02   
 1.089241E-01    5.446204E-02   
 1.090860E-01    5.454298E-02   
 1.092477E-01    5.462387E-02   
 1.094094E-01    5.470470E-02   
 1.095709E-01    5.478547E-02   
 1.097324E-01    5.486619E-02   
 1.098937E-01    5.494686E-02   
 1.100549E-01    5.502747E-02   
 1.102161E-01    5.510803E-02   
 1.103771E-01    5.518853E-02   
 1.105379E-01    5.526897E-02   
 1.106987E-01    5.534936E-02   
 1.108594E-01    5.542970E-02   
 1.110199E-01    5.550997E-02   
 1.111804E-01    5.559020E-02   
 1.113407E-01    5.567036E-02   
 1.115010E-01    5.575048E-02   
 1.116611E-01    5.583053E-02   
 1.118211E-01    5.591053E-02   
 1.119810E-01    5.599048E-02   
 1.121407E-01    5.607036E-02   
 1.123004E-01    5.615019E-02   
 1.124599E-01    5.622997E-02   
 1.126194E-01    5.630969E-02   
 1.127787E-01    5.638935E-02   
 1.129379E-01    5.646896E-02   
 1.130970E-01    5.654851E-02   
 1.132560E-01    5.662800E-02   
 1.134149E-01    5.670743E-02   
 1.135736E-01    5.678681E-02   
 1.137323E-01    5.686614E-02   
 1.138908E-01    5.694540E-02   
 1.140492E-01    5.702461E-02   
 1.142075E-01    5.710376E-02   
 1.143657E-01    5.718285E-02   
 1.145238E-01    5.726189E-02   
 1.146817E-01    5.734087E-02   
 1.148396E-01    5.741979E-02   
 1.149973E-01    5.749866E-02   
 1.151549E-01    5.757746E-02   
 1.153124E-01    5.765621E-02   
 1.154698E-01    5.773490E-02   
 1.156271E-01    5.781354E-02   
 1.157842E-01    5.789211E-02   
 1.159413E-01    5.797063E-02   
 1.160982E-01    5.804909E-02   
 1.162550E-01    5.812749E-02   
 1.164117E-01    5.820583E-02   
 1.165682E-01    5.828412E-02   
 1.167247E-01    5.836234E-02   
 1.168810E-01    5.844051E-02   
 1.170372E-01    5.851862E-02   
 1.171933E-01    5.859667E-02   
 1.173493E-01    5.867466E-02   
 1.175052E-01    5.875259E-02   
 1.176609E-01    5.883047E-02   
 1.178166E-01    5.890828E-02   
 1.179721E-01    5.898604E-02   
 1.181275E-01    5.906374E-02   
 1.182827E-01    5.914137E-02   
 1.184379E-01    5.921895E-02   
 1.185929E-01    5.929647E-02   
 1.187479E-01    5.937393E-02   
 1.189027E-01    5.945133E-02   
 1.190573E-01    5.952867E-02   
 1.192119E-01    5.960595E-02   
 1.193663E-01    5.968317E-02   
 1.195207E-01    5.976034E-02   
 1.196749E-01    5.983744E-02   
 1.198290E-01    5.991448E-02   
 1.199829E-01    5.999146E-02   
 1.201368E-01    6.006838E-02   
 1.202905E-01    6.014524E-02   
 1.204441E-01    6.022204E-02   
 1.205976E-01    6.029879E-02   
 1.207509E-01    6.037547E-02   
 1.209042E-01    6.045209E-02   
 1.210573E-01    6.052864E-02   
 1.212103E-01    6.060514E-02   
 1.213632E-01    6.068158E-02   
 1.215159E-01    6.075796E-02   
 1.216685E-01    6.083427E-02   
 1.218211E-01    6.091053E-02   
 1.219734E-01    6.098672E-02   
 1.221257E-01    6.106286E-02   
 1.222779E-01    6.113893E-02   
 1.224299E-01    6.121494E-02   
 1.225818E-01    6.129089E-02   
 1.227336E-01    6.136678E-02   
 1.228852E-01    6.144260E-02   
 1.230367E-01    6.151837E-02   
 1.231881E-01    6.159407E-02   
 1.233394E-01    6.166971E-02   
 1.234906E-01    6.174529E-02   
 1.236416E-01    6.182081E-02   
 1.237925E-01    6.189627E-02   
 1.239433E-01    6.197166E-02   
 1.240940E-01    6.204699E-02   
 1.242445E-01    6.212226E-02   
 1.243949E-01    6.219747E-02   
 1.245452E-01    6.227261E-02   
 1.246954E-01    6.234770E-02   
 1.248454E-01    6.242272E-02   
 1.249953E-01    6.249767E-02   
 1.251451E-01    6.257257E-02   
 1.252948E-01    6.264740E-02   
 1.254443E-01    6.272217E-02   
 1.255938E-01    6.279688E-02   
 1.257430E-01    6.287152E-02   
 1.258922E-01    6.294610E-02   
 1.260412E-01    6.302062E-02   
 1.261901E-01    6.309507E-02   
 1.263389E-01    6.316947E-02   
 1.264876E-01    6.324379E-02   
 1.266361E-01    6.331806E-02   
 1.267845E-01    6.339226E-02   
 1.269328E-01    6.346640E-02   
 1.270809E-01    6.354047E-02   
 1.272290E-01    6.361448E-02   
 1.273769E-01    6.368843E-02   
 1.275246E-01    6.376231E-02   
 1.276723E-01    6.383613E-02   
 1.278198E-01    6.390988E-02   
 1.279672E-01    6.398358E-02   
 1.281144E-01    6.405720E-02   
 1.282615E-01    6.413077E-02   
 1.284085E-01    6.420426E-02   
 1.285554E-01    6.427770E-02   
 1.287021E-01    6.435107E-02   
 1.288487E-01    6.442437E-02   
 1.289952E-01    6.449761E-02   
 1.291416E-01    6.457079E-02   
 1.292878E-01    6.464390E-02   
 1.294339E-01    6.471695E-02   
 1.295799E-01    6.478993E-02   
 1.297257E-01    6.486285E-02   
 1.298714E-01    6.493570E-02   
 1.300170E-01    6.500848E-02   
 1.301624E-01    6.508121E-02   
 1.303077E-01    6.515386E-02   
 1.304529E-01    6.522645E-02   
 1.305980E-01    6.529898E-02   
 1.307429E-01    6.537144E-02   
 1.308877E-01    6.544383E-02   
 1.310323E-01    6.551616E-02   
 1.311769E-01    6.558843E-02   
 1.313212E-01    6.566062E-02   
 1.314655E-01    6.573276E-02   
 1.316096E-01    6.580482E-02   
 1.317536E-01    6.587682E-02   
 1.318975E-01    6.594876E-02   
 1.320413E-01    6.602063E-02   
 1.321849E-01    6.609243E-02   
 1.323283E-01    6.616416E-02   
 1.324717E-01    6.623583E-02   
 1.326149E-01    6.630744E-02   
 1.327579E-01    6.637897E-02   
 1.329009E-01    6.645044E-02   
 1.330437E-01    6.652185E-02   
 1.331864E-01    6.659318E-02   
 1.333289E-01    6.666445E-02   
 1.334713E-01    6.673566E-02   
 1.336136E-01    6.680679E-02   
 1.337557E-01    6.687786E-02   
 1.338977E-01    6.694887E-02   
 1.340396E-01    6.701980E-02   
 1.341813E-01    6.709067E-02   
 1.343229E-01    6.716147E-02   
 1.344644E-01    6.723220E-02   
 1.346057E-01    6.730287E-02   
 1.347469E-01    6.737347E-02   
 1.348880E-01    6.744400E-02   
 1.350289E-01    6.751446E-02   
 1.351697E-01    6.758486E-02   
 1.353104E-01    6.765519E-02   
 1.354509E-01    6.772545E-02   
 1.355913E-01    6.779564E-02   
 1.357315E-01    6.786577E-02   
 1.358717E-01    6.793583E-02   
 1.360116E-01    6.800581E-02   
 1.361515E-01    6.807573E-02   
 1.362912E-01    6.814559E-02   
 1.364307E-01    6.821537E-02   
 1.365702E-01    6.828509E-02   
 1.367095E-01    6.835474E-02   
 1.368486E-01    6.842431E-02   
 1.369876E-01    6.849382E-02   
 1.371265E-01    6.856327E-02   
 1.372653E-01    6.863264E-02   
 1.374039E-01    6.870194E-02   
 1.375424E-01    6.877118E-02   
 1.376807E-01    6.884035E-02   
 1.378189E-01    6.890944E-02   
 1.379569E-01    6.897847E-02   
 1.380949E-01    6.904743E-02   
 1.382326E-01    6.911632E-02   
 1.383703E-01    6.918514E-02   
 1.385078E-01    6.925389E-02   
 1.386452E-01    6.932258E-02   
 1.387824E-01    6.939119E-02   
 1.389195E-01    6.945973E-02   
 1.390564E-01    6.952821E-02   
 1.391932E-01    6.959661E-02   
 1.393299E-01    6.966494E-02   
 1.394664E-01    6.973321E-02   
 1.396028E-01    6.980140E-02   
 1.397391E-01    6.986953E-02   
 1.398752E-01    6.993758E-02   
 1.400111E-01    7.000557E-02   
 1.401470E-01    7.007348E-02   
 1.402827E-01    7.014133E-02   
 1.404182E-01    7.020910E-02   
 1.405536E-01    7.027680E-02   
 1.406889E-01    7.034444E-02   
 1.408240E-01    7.041200E-02   
 1.409590E-01    7.047949E-02   
 1.410938E-01    7.054691E-02   
 1.412285E-01    7.061426E-02   
 1.413631E-01    7.068154E-02   
 1.414975E-01    7.074875E-02   
 1.416318E-01    7.081589E-02   
 1.417659E-01    7.088296E-02   
 1.418999E-01    7.094996E-02   
 1.420338E-01    7.101688E-02   
 1.421675E-01    7.108374E-02   
 1.423010E-01    7.115052E-02   
 1.424345E-01    7.121723E-02   
 1.425677E-01    7.128387E-02   
 1.427009E-01    7.135044E-02   
 1.428339E-01    7.141694E-02   
 1.429667E-01    7.148336E-02   
 1.430994E-01    7.154972E-02   
 1.432320E-01    7.161600E-02   
 1.433644E-01    7.168221E-02   
 1.434967E-01    7.174835E-02   
 1.436288E-01    7.181442E-02   
 1.437608E-01    7.188041E-02   
 1.438927E-01    7.194633E-02   
 1.440244E-01    7.201218E-02   
 1.441559E-01    7.207796E-02   
 1.442873E-01    7.214367E-02   
 1.444186E-01    7.220930E-02   
 1.445497E-01    7.227487E-02   
 1.446807E-01    7.234035E-02   
 1.448115E-01    7.240577E-02   
 1.449422E-01    7.247112E-02   
 1.450728E-01    7.253639E-02   
 1.452032E-01    7.260159E-02   
 1.453334E-01    7.266671E-02   
 1.454635E-01    7.273177E-02   
 1.455935E-01    7.279675E-02   
 1.457233E-01    7.286166E-02   
 1.458530E-01    7.292649E-02   
 1.459825E-01    7.299125E-02   
 1.461119E-01    7.305594E-02   
 1.462411E-01    7.312056E-02   
 1.463702E-01    7.318510E-02   
 1.464991E-01    7.324957E-02   
 1.466279E-01    7.331396E-02   
 1.467566E-01    7.337828E-02   
 1.468851E-01    7.344253E-02   
 1.470134E-01    7.350671E-02   
 1.471416E-01    7.357081E-02   
 1.472697E-01    7.363484E-02   
 1.473976E-01    7.369879E-02   
 1.475253E-01    7.376267E-02   
 1.476529E-01    7.382647E-02   
 1.477804E-01    7.389021E-02   
 1.479077E-01    7.395386E-02   
 1.480349E-01    7.401745E-02   
 1.481619E-01    7.408096E-02   
 1.482888E-01    7.414439E-02   
 1.484155E-01    7.420775E-02   
 1.485421E-01    7.427104E-02   
 1.486685E-01    7.433425E-02   
 1.487948E-01    7.439739E-02   
 1.489209E-01    7.446045E-02   
 1.490469E-01    7.452344E-02   
 1.491727E-01    7.458636E-02   
 1.492984E-01    7.464920E-02   
 1.494239E-01    7.471196E-02   
 1.495493E-01    7.477465E-02   
 1.496745E-01    7.483726E-02   
 1.497996E-01    7.489980E-02   
 1.499245E-01    7.496227E-02   
 1.500493E-01    7.502466E-02   
 1.501739E-01    7.508697E-02   
 1.502984E-01    7.514921E-02   
 1.504228E-01    7.521138E-02   
 1.505469E-01    7.527346E-02   
 1.506710E-01    7.533548E-02   
 1.507948E-01    7.539741E-02   
 1.509186E-01    7.545928E-02   
 1.510421E-01    7.552106E-02   
 1.511655E-01    7.558277E-02   
 1.512888E-01    7.564441E-02   
 1.514119E-01    7.570597E-02   
 1.515349E-01    7.576745E-02   
 1.516577E-01    7.582886E-02   
 1.517804E-01    7.589019E-02   
 1.519029E-01    7.595144E-02   
 1.520252E-01    7.601262E-02   
 1.521475E-01    7.607373E-02   
 1.522695E-01    7.613475E-02   
 1.523914E-01    7.619570E-02   
 1.525132E-01    7.625658E-02   
 1.526348E-01    7.631738E-02   
 1.527562E-01    7.637810E-02   
 1.528775E-01    7.643874E-02   
 1.529986E-01    7.649931E-02   
 1.531196E-01    7.655980E-02   
 1.532404E-01    7.662022E-02   
 1.533611E-01    7.668055E-02   
 1.534816E-01    7.674082E-02   
 1.536020E-01    7.680100E-02   
 1.537222E-01    7.686111E-02   
 1.538423E-01    7.692114E-02   
 1.539622E-01    7.698109E-02   
 1.540819E-01    7.704097E-02   
 1.542015E-01    7.710077E-02   
 1.543210E-01    7.716049E-02   
 1.544403E-01    7.722013E-02   
 1.545594E-01    7.727970E-02   
 1.546784E-01    7.733919E-02   
 1.547972E-01    7.739860E-02   
 1.549159E-01    7.745794E-02   
 1.550344E-01    7.751719E-02   
 1.551527E-01    7.757637E-02   
 1.552709E-01    7.763547E-02   
 1.553890E-01    7.769450E-02   
 1.555069E-01    7.775344E-02   
 1.556246E-01    7.781231E-02   
 1.557422E-01    7.787110E-02   
 1.558596E-01    7.792981E-02   
 1.559769E-01    7.798845E-02   
 1.560940E-01    7.804700E-02   
 1.562110E-01    7.810548E-02   
 1.563278E-01    7.816388E-02   
 1.564444E-01    7.822220E-02   
 1.565609E-01    7.828044E-02   
 1.566772E-01    7.833861E-02   
 1.567934E-01    7.839669E-02   
 1.569094E-01    7.845470E-02   
 1.570253E-01    7.851263E-02   
 1.571410E-01    7.857048E-02   
 1.572565E-01    7.862825E-02   
 1.573719E-01    7.868594E-02   
 1.574871E-01    7.874355E-02   
 1.576022E-01    7.880109E-02   
 1.577171E-01    7.885855E-02   
 1.578318E-01    7.891592E-02   
 1.579464E-01    7.897322E-02   
 1.580609E-01    7.903044E-02   
 1.581752E-01    7.908758E-02   
 1.582893E-01    7.914464E-02   
 1.584032E-01    7.920162E-02   
 1.585170E-01    7.925852E-02   
 1.586307E-01    7.931534E-02   
 1.587442E-01    7.937208E-02   
 1.588575E-01    7.942875E-02   
 1.589707E-01    7.948533E-02   
 1.590837E-01    7.954183E-02   
 1.591965E-01    7.959826E-02   
 1.593092E-01    7.965460E-02   
 1.594217E-01    7.971086E-02   
 1.595341E-01    7.976705E-02   
 1.596463E-01    7.982315E-02   
 1.597584E-01    7.987918E-02   
 1.598702E-01    7.993512E-02   
 1.599820E-01    7.999099E-02   
 1.600935E-01    8.004677E-02   
 1.602050E-01    8.010248E-02   
 1.603162E-01    8.015810E-02   
 1.604273E-01    8.021364E-02   
 1.605382E-01    8.026911E-02   
 1.606490E-01    8.032449E-02   
 1.607596E-01    8.037979E-02   
 1.608700E-01    8.043501E-02   
 1.609803E-01    8.049015E-02   
 1.610904E-01    8.054521E-02   
 1.612004E-01    8.060019E-02   
 1.613102E-01    8.065509E-02   
 1.614198E-01    8.070991E-02   
 1.615293E-01    8.076465E-02   
 1.616386E-01    8.081930E-02   
 1.617478E-01    8.087388E-02   
 1.618567E-01    8.092837E-02   
 1.619656E-01    8.098279E-02   
 1.620742E-01    8.103712E-02   
 1.621827E-01    8.109137E-02   
 1.622911E-01    8.114554E-02   
 1.623993E-01    8.119963E-02   
 1.625073E-01    8.125364E-02   
 1.626151E-01    8.130756E-02   
 1.627228E-01    8.136140E-02   
 1.628303E-01    8.141517E-02   
 1.629377E-01    8.146885E-02   
 1.630449E-01    8.152245E-02   
 1.631519E-01    8.157597E-02   
 1.632588E-01    8.162940E-02   
 1.633655E-01    8.168276E-02   
 1.634721E-01    8.173603E-02   
 1.635784E-01    8.178922E-02   
 1.636847E-01    8.184233E-02   
 1.637907E-01    8.189535E-02   
 1.638966E-01    8.194830E-02   
 1.640023E-01    8.200116E-02   
 1.641079E-01    8.205394E-02   
