-2.150000E-01    2.165064E-01   
-2.154332E-01    2.162557E-01   
-2.158659E-01    2.160041E-01   
-2.162981E-01    2.157517E-01   
-2.167298E-01    2.154984E-01   
-2.171609E-01    2.152443E-01   
-2.175916E-01    2.149893E-01   
-2.180217E-01    2.147334E-01   
-2.184514E-01    2.144767E-01   
-2.188805E-01    2.142191E-01   
-2.193091E-01    2.139607E-01   
-2.197371E-01    2.137014E-01   
-2.201647E-01    2.134412E-01   
-2.205917E-01    2.131802E-01   
-2.210182E-01    2.129184E-01   
-2.214441E-01    2.126557E-01   
-2.218695E-01    2.123921E-01   
-2.222944E-01    2.121278E-01   
-2.227188E-01    2.118625E-01   
-2.231426E-01    2.115964E-01   
-2.235659E-01    2.113295E-01   
-2.239886E-01    2.110617E-01   
-2.244108E-01    2.107931E-01   
-2.248324E-01    2.105237E-01   
-2.252535E-01    2.102534E-01   
-2.256740E-01    2.099823E-01   
-2.260940E-01    2.097103E-01   
-2.265134E-01    2.094376E-01   
-2.269323E-01    2.091639E-01   
-2.273506E-01    2.088895E-01   
-2.277683E-01    2.086142E-01   
-2.281855E-01    2.083381E-01   
-2.286021E-01    2.080612E-01   
-2.290181E-01    2.077834E-01   
-2.294336E-01    2.075049E-01   
-2.298485E-01    2.072255E-01   
-2.302628E-01    2.069453E-01   
-2.306766E-01    2.066642E-01   
-2.310897E-01    2.063824E-01   
-2.315023E-01    2.060997E-01   
-2.319143E-01    2.058162E-01   
-2.323258E-01    2.055319E-01   
-2.327366E-01    2.052468E-01   
-2.331468E-01    2.049609E-01   
-2.335565E-01    2.046742E-01   
-2.339656E-01    2.043867E-01   
-2.343740E-01    2.040984E-01   
-2.347819E-01    2.038092E-01   
-2.351892E-01    2.035193E-01   
-2.355959E-01    2.032286E-01   
-2.360019E-01    2.029370E-01   
-2.364074E-01    2.026447E-01   
-2.368123E-01    2.023516E-01   
-2.372165E-01    2.020577E-01   
-2.376202E-01    2.017630E-01   
-2.380232E-01    2.014675E-01   
-2.384256E-01    2.011712E-01   
-2.388274E-01    2.008741E-01   
-2.392286E-01    2.005762E-01   
-2.396292E-01    2.002776E-01   
-2.400291E-01    1.999782E-01   
-2.404284E-01    1.996780E-01   
-2.408271E-01    1.993770E-01   
-2.412252E-01    1.990752E-01   
-2.416226E-01    1.987727E-01   
-2.420195E-01    1.984694E-01   
-2.424156E-01    1.981653E-01   
-2.428112E-01    1.978604E-01   
-2.432061E-01    1.975548E-01   
-2.436004E-01    1.972484E-01   
-2.439940E-01    1.969412E-01   
-2.443870E-01    1.966333E-01   
-2.447793E-01    1.963246E-01   
-2.451710E-01    1.960152E-01   
-2.455621E-01    1.957050E-01   
-2.459525E-01    1.953940E-01   
-2.463422E-01    1.950823E-01   
-2.467313E-01    1.947698E-01   
-2.471198E-01    1.944566E-01   
-2.475076E-01    1.941427E-01   
-2.478947E-01    1.938279E-01   
-2.482812E-01    1.935125E-01   
-2.486670E-01    1.931963E-01   
-2.490521E-01    1.928793E-01   
-2.494366E-01    1.925616E-01   
-2.498204E-01    1.922432E-01   
-2.502035E-01    1.919240E-01   
-2.505860E-01    1.916041E-01   
-2.509678E-01    1.912835E-01   
-2.513490E-01    1.909621E-01   
-2.517294E-01    1.906400E-01   
-2.521092E-01    1.903171E-01   
-2.524883E-01    1.899936E-01   
-2.528667E-01    1.896693E-01   
-2.532444E-01    1.893443E-01   
-2.536215E-01    1.890186E-01   
-2.539978E-01    1.886921E-01   
-2.543735E-01    1.883649E-01   
-2.547485E-01    1.880371E-01   
-2.551228E-01    1.877085E-01   
-2.554964E-01    1.873791E-01   
-2.558693E-01    1.870491E-01   
-2.562415E-01    1.867184E-01   
-2.566130E-01    1.863870E-01   
-2.569838E-01    1.860548E-01   
-2.573540E-01    1.857220E-01   
-2.577234E-01    1.853884E-01   
-2.580921E-01    1.850542E-01   
-2.584601E-01    1.847192E-01   
-2.588274E-01    1.843836E-01   
-2.591940E-01    1.840473E-01   
-2.595598E-01    1.837103E-01   
-2.599250E-01    1.833726E-01   
-2.602895E-01    1.830342E-01   
-2.606532E-01    1.826951E-01   
-2.610162E-01    1.823553E-01   
-2.613785E-01    1.820149E-01   
-2.617401E-01    1.816737E-01   
-2.621009E-01    1.813319E-01   
-2.624611E-01    1.809894E-01   
-2.628205E-01    1.806463E-01   
-2.631792E-01    1.803024E-01   
-2.635371E-01    1.799579E-01   
-2.638944E-01    1.796128E-01   
-2.642509E-01    1.792669E-01   
-2.646066E-01    1.789204E-01   
-2.649617E-01    1.785733E-01   
-2.653160E-01    1.782255E-01   
-2.656695E-01    1.778770E-01   
-2.660223E-01    1.775278E-01   
-2.663744E-01    1.771781E-01   
-2.667258E-01    1.768276E-01   
-2.670764E-01    1.764765E-01   
-2.674262E-01    1.761248E-01   
-2.677753E-01    1.757724E-01   
-2.681237E-01    1.754194E-01   
-2.684713E-01    1.750657E-01   
-2.688182E-01    1.747114E-01   
-2.691643E-01    1.743564E-01   
-2.695096E-01    1.740008E-01   
-2.698542E-01    1.736446E-01   
-2.701981E-01    1.732878E-01   
-2.705412E-01    1.729303E-01   
-2.708835E-01    1.725722E-01   
-2.712251E-01    1.722134E-01   
-2.715659E-01    1.718541E-01   
-2.719060E-01    1.714941E-01   
-2.722453E-01    1.711335E-01   
-2.725838E-01    1.707723E-01   
-2.729215E-01    1.704104E-01   
-2.732585E-01    1.700480E-01   
-2.735947E-01    1.696849E-01   
-2.739302E-01    1.693212E-01   
-2.742649E-01    1.689570E-01   
-2.745988E-01    1.685921E-01   
-2.749319E-01    1.682266E-01   
-2.752643E-01    1.678605E-01   
-2.755959E-01    1.674938E-01   
-2.759267E-01    1.671265E-01   
-2.762567E-01    1.667587E-01   
-2.765859E-01    1.663902E-01   
-2.769144E-01    1.660211E-01   
-2.772421E-01    1.656515E-01   
-2.775689E-01    1.652812E-01   
-2.778950E-01    1.649104E-01   
-2.782204E-01    1.645390E-01   
-2.785449E-01    1.641671E-01   
-2.788686E-01    1.637945E-01   
-2.791916E-01    1.634214E-01   
-2.795137E-01    1.630477E-01   
-2.798351E-01    1.626734E-01   
-2.801557E-01    1.622985E-01   
-2.804755E-01    1.619231E-01   
-2.807944E-01    1.615472E-01   
-2.811126E-01    1.611706E-01   
-2.814300E-01    1.607935E-01   
-2.817466E-01    1.604159E-01   
-2.820624E-01    1.600376E-01   
-2.823773E-01    1.596589E-01   
-2.826915E-01    1.592796E-01   
-2.830049E-01    1.588997E-01   
-2.833175E-01    1.585193E-01   
-2.836292E-01    1.581383E-01   
-2.839402E-01    1.577568E-01   
-2.842503E-01    1.573748E-01   
-2.845596E-01    1.569922E-01   
-2.848682E-01    1.566091E-01   
-2.851759E-01    1.562254E-01   
-2.854828E-01    1.558412E-01   
-2.857888E-01    1.554565E-01   
-2.860941E-01    1.550713E-01   
-2.863985E-01    1.546855E-01   
-2.867022E-01    1.542992E-01   
-2.870050E-01    1.539124E-01   
-2.873070E-01    1.535251E-01   
-2.876081E-01    1.531373E-01   
-2.879085E-01    1.527489E-01   
-2.882080E-01    1.523600E-01   
-2.885067E-01    1.519707E-01   
-2.888046E-01    1.515808E-01   
-2.891016E-01    1.511904E-01   
-2.893979E-01    1.507995E-01   
-2.896933E-01    1.504081E-01   
-2.899878E-01    1.500162E-01   
-2.902816E-01    1.496238E-01   
-2.905745E-01    1.492310E-01   
-2.908666E-01    1.488376E-01   
-2.911578E-01    1.484437E-01   
-2.914482E-01    1.480494E-01   
-2.917378E-01    1.476545E-01   
-2.920265E-01    1.472592E-01   
-2.923144E-01    1.468634E-01   
-2.926015E-01    1.464672E-01   
-2.928877E-01    1.460704E-01   
-2.931731E-01    1.456732E-01   
-2.934577E-01    1.452755E-01   
-2.937414E-01    1.448774E-01   
-2.940243E-01    1.444787E-01   
-2.943063E-01    1.440796E-01   
-2.945875E-01    1.436801E-01   
-2.948678E-01    1.432801E-01   
-2.951473E-01    1.428796E-01   
-2.954260E-01    1.424787E-01   
-2.957038E-01    1.420773E-01   
-2.959807E-01    1.416755E-01   
-2.962568E-01    1.412732E-01   
-2.965321E-01    1.408705E-01   
-2.968065E-01    1.404673E-01   
-2.970801E-01    1.400637E-01   
-2.973528E-01    1.396597E-01   
-2.976246E-01    1.392552E-01   
-2.978956E-01    1.388503E-01   
-2.981658E-01    1.384449E-01   
-2.984351E-01    1.380392E-01   
-2.987035E-01    1.376330E-01   
-2.989711E-01    1.372263E-01   
-2.992379E-01    1.368193E-01   
-2.995037E-01    1.364118E-01   
-2.997688E-01    1.360039E-01   
-3.000329E-01    1.355956E-01   
-3.002962E-01    1.351869E-01   
-3.005587E-01    1.347778E-01   
-3.008202E-01    1.343682E-01   
-3.010810E-01    1.339583E-01   
-3.013408E-01    1.335479E-01   
-3.015998E-01    1.331372E-01   
-3.018580E-01    1.327261E-01   
-3.021152E-01    1.323145E-01   
-3.023716E-01    1.319026E-01   
-3.026272E-01    1.314902E-01   
-3.028819E-01    1.310775E-01   
-3.031357E-01    1.306644E-01   
-3.033886E-01    1.302509E-01   
-3.036407E-01    1.298370E-01   
-3.038919E-01    1.294228E-01   
-3.041422E-01    1.290082E-01   
-3.043917E-01    1.285931E-01   
-3.046403E-01    1.281778E-01   
-3.048880E-01    1.277620E-01   
-3.051349E-01    1.273459E-01   
-3.053809E-01    1.269294E-01   
-3.056260E-01    1.265125E-01   
-3.058703E-01    1.260953E-01   
-3.061136E-01    1.256778E-01   
-3.063561E-01    1.252598E-01   
-3.065978E-01    1.248415E-01   
-3.068385E-01    1.244229E-01   
-3.070784E-01    1.240039E-01   
-3.073174E-01    1.235846E-01   
-3.075555E-01    1.231649E-01   
-3.077928E-01    1.227449E-01   
-3.080292E-01    1.223245E-01   
-3.082647E-01    1.219038E-01   
-3.084993E-01    1.214828E-01   
-3.087330E-01    1.210614E-01   
-3.089659E-01    1.206397E-01   
-3.091979E-01    1.202177E-01   
-3.094290E-01    1.197953E-01   
-3.096592E-01    1.193726E-01   
-3.098886E-01    1.189496E-01   
-3.101170E-01    1.185263E-01   
-3.103446E-01    1.181027E-01   
-3.105713E-01    1.176787E-01   
-3.107972E-01    1.172545E-01   
-3.110221E-01    1.168299E-01   
-3.112462E-01    1.164050E-01   
-3.114694E-01    1.159798E-01   
-3.116917E-01    1.155543E-01   
-3.119131E-01    1.151286E-01   
-3.121336E-01    1.147025E-01   
-3.123533E-01    1.142761E-01   
-3.125720E-01    1.138494E-01   
-3.127899E-01    1.134225E-01   
-3.130069E-01    1.129952E-01   
-3.132230E-01    1.125677E-01   
-3.134383E-01    1.121398E-01   
-3.136526E-01    1.117117E-01   
-3.138661E-01    1.112834E-01   
-3.140786E-01    1.108547E-01   
-3.142903E-01    1.104258E-01   
-3.145011E-01    1.099966E-01   
-3.147110E-01    1.095671E-01   
-3.149201E-01    1.091374E-01   
-3.151282E-01    1.087074E-01   
-3.153355E-01    1.082771E-01   
-3.155418E-01    1.078466E-01   
-3.157473E-01    1.074158E-01   
-3.159519E-01    1.069847E-01   
-3.161556E-01    1.065535E-01   
-3.163584E-01    1.061219E-01   
-3.165604E-01    1.056901E-01   
-3.167614E-01    1.052581E-01   
-3.169616E-01    1.048258E-01   
-3.171608E-01    1.043933E-01   
-3.173592E-01    1.039605E-01   
-3.175567E-01    1.035276E-01   
-3.177533E-01    1.030943E-01   
-3.179490E-01    1.026609E-01   
-3.181438E-01    1.022272E-01   
-3.183378E-01    1.017933E-01   
-3.185308E-01    1.013591E-01   
-3.187230E-01    1.009248E-01   
-3.189142E-01    1.004902E-01   
-3.191046E-01    1.000554E-01   
-3.192941E-01    9.962040E-02   
-3.194827E-01    9.918518E-02   
-3.196704E-01    9.874975E-02   
-3.198572E-01    9.831411E-02   
-3.200431E-01    9.787827E-02   
-3.202282E-01    9.744222E-02   
-3.204123E-01    9.700597E-02   
-3.205956E-01    9.656953E-02   
-3.207780E-01    9.613289E-02   
-3.209594E-01    9.569605E-02   
-3.211400E-01    9.525903E-02   
-3.213197E-01    9.482181E-02   
-3.214986E-01    9.438441E-02   
-3.216765E-01    9.394683E-02   
-3.218535E-01    9.350906E-02   
-3.220297E-01    9.307111E-02   
-3.222049E-01    9.263299E-02   
-3.223793E-01    9.219470E-02   
-3.225528E-01    9.175623E-02   
-3.227254E-01    9.131759E-02   
-3.228971E-01    9.087878E-02   
-3.230679E-01    9.043981E-02   
-3.232378E-01    9.000067E-02   
-3.234069E-01    8.956138E-02   
-3.235750E-01    8.912193E-02   
-3.237423E-01    8.868232E-02   
-3.239086E-01    8.824255E-02   
-3.240741E-01    8.780264E-02   
-3.242387E-01    8.736258E-02   
-3.244024E-01    8.692237E-02   
-3.245653E-01    8.648202E-02   
-3.247272E-01    8.604152E-02   
-3.248882E-01    8.560089E-02   
-3.250484E-01    8.516012E-02   
-3.252077E-01    8.471921E-02   
-3.253661E-01    8.427817E-02   
-3.255236E-01    8.383700E-02   
-3.256802E-01    8.339571E-02   
-3.258359E-01    8.295429E-02   
-3.259908E-01    8.251274E-02   
-3.261447E-01    8.207107E-02   
-3.262978E-01    8.162929E-02   
-3.264500E-01    8.118739E-02   
-3.266013E-01    8.074537E-02   
-3.267517E-01    8.030325E-02   
-3.269013E-01    7.986101E-02   
-3.270499E-01    7.941867E-02   
-3.271977E-01    7.897622E-02   
-3.273446E-01    7.853367E-02   
-3.274906E-01    7.809102E-02   
-3.276357E-01    7.764828E-02   
-3.277800E-01    7.720543E-02   
-3.279233E-01    7.676250E-02   
-3.280658E-01    7.631947E-02   
-3.282074E-01    7.587636E-02   
-3.283481E-01    7.543315E-02   
-3.284880E-01    7.498987E-02   
-3.286269E-01    7.454650E-02   
-3.287650E-01    7.410306E-02   
-3.289022E-01    7.365953E-02   
-3.290385E-01    7.321593E-02   
-3.291740E-01    7.277226E-02   
-3.293086E-01    7.232852E-02   
-3.294422E-01    7.188471E-02   
-3.295751E-01    7.144084E-02   
-3.297070E-01    7.099690E-02   
-3.298380E-01    7.055290E-02   
-3.299682E-01    7.010884E-02   
-3.300975E-01    6.966472E-02   
-3.302260E-01    6.922055E-02   
-3.303535E-01    6.877633E-02   
-3.304802E-01    6.833206E-02   
-3.306060E-01    6.788774E-02   
-3.307310E-01    6.744338E-02   
-3.308550E-01    6.699897E-02   
-3.309782E-01    6.655452E-02   
-3.311005E-01    6.611003E-02   
-3.312220E-01    6.566551E-02   
-3.313426E-01    6.522095E-02   
-3.314623E-01    6.477636E-02   
-3.315811E-01    6.433174E-02   
-3.316991E-01    6.388710E-02   
-3.318162E-01    6.344242E-02   
-3.319324E-01    6.299773E-02   
-3.320478E-01    6.255301E-02   
-3.321623E-01    6.210828E-02   
-3.322759E-01    6.166353E-02   
-3.323887E-01    6.121876E-02   
-3.325006E-01    6.077399E-02   
-3.326116E-01    6.032920E-02   
-3.327218E-01    5.988441E-02   
-3.328311E-01    5.943961E-02   
-3.329395E-01    5.899481E-02   
-3.330471E-01    5.855000E-02   
-3.331538E-01    5.810520E-02   
-3.332597E-01    5.766040E-02   
-3.333647E-01    5.721561E-02   
-3.334688E-01    5.677083E-02   
-3.335721E-01    5.632605E-02   
-3.336745E-01    5.588129E-02   
-3.337761E-01    5.543654E-02   
-3.338768E-01    5.499181E-02   
-3.339767E-01    5.454710E-02   
-3.340757E-01    5.410241E-02   
-3.341738E-01    5.365774E-02   
-3.342711E-01    5.321310E-02   
-3.343675E-01    5.276849E-02   
-3.344631E-01    5.232390E-02   
-3.345578E-01    5.187935E-02   
-3.346517E-01    5.143483E-02   
-3.347447E-01    5.099035E-02   
-3.348369E-01    5.054590E-02   
-3.349282E-01    5.010150E-02   
-3.350187E-01    4.965713E-02   
-3.351083E-01    4.921282E-02   
-3.351971E-01    4.876855E-02   
-3.352851E-01    4.832433E-02   
-3.353721E-01    4.788016E-02   
-3.354584E-01    4.743604E-02   
-3.355438E-01    4.699198E-02   
-3.356283E-01    4.654797E-02   
-3.357121E-01    4.610403E-02   
-3.357949E-01    4.566014E-02   
-3.358770E-01    4.521632E-02   
-3.359582E-01    4.477257E-02   
-3.360385E-01    4.432889E-02   
-3.361180E-01    4.388527E-02   
-3.361967E-01    4.344173E-02   
-3.362745E-01    4.299826E-02   
-3.363515E-01    4.255487E-02   
-3.364277E-01    4.211155E-02   
-3.365030E-01    4.166832E-02   
-3.365775E-01    4.122517E-02   
-3.366512E-01    4.078210E-02   
-3.367240E-01    4.033912E-02   
-3.367961E-01    3.989623E-02   
-3.368672E-01    3.945343E-02   
-3.369376E-01    3.901072E-02   
-3.370071E-01    3.856811E-02   
-3.370758E-01    3.812560E-02   
-3.371436E-01    3.768318E-02   
-3.372107E-01    3.724087E-02   
-3.372769E-01    3.679865E-02   
-3.373423E-01    3.635655E-02   
-3.374068E-01    3.591455E-02   
-3.374706E-01    3.547266E-02   
-3.375335E-01    3.503088E-02   
-3.375956E-01    3.458922E-02   
-3.376569E-01    3.414767E-02   
-3.377174E-01    3.370623E-02   
-3.377770E-01    3.326492E-02   
-3.378358E-01    3.282373E-02   
-3.378939E-01    3.238266E-02   
-3.379511E-01    3.194172E-02   
-3.380074E-01    3.150090E-02   
-3.380630E-01    3.106021E-02   
-3.381178E-01    3.061966E-02   
-3.381717E-01    3.017924E-02   
-3.382249E-01    2.973895E-02   
-3.382772E-01    2.929880E-02   
-3.383288E-01    2.885879E-02   
-3.383795E-01    2.841892E-02   
-3.384294E-01    2.797920E-02   
-3.384785E-01    2.753962E-02   
-3.385268E-01    2.710018E-02   
-3.385743E-01    2.666090E-02   
-3.386210E-01    2.622177E-02   
-3.386669E-01    2.578279E-02   
-3.387120E-01    2.534396E-02   
-3.387564E-01    2.490529E-02   
-3.387999E-01    2.446678E-02   
-3.388426E-01    2.402843E-02   
-3.388845E-01    2.359024E-02   
-3.389256E-01    2.315222E-02   
-3.389660E-01    2.271437E-02   
-3.390055E-01    2.227668E-02   
-3.390443E-01    2.183916E-02   
-3.390822E-01    2.140182E-02   
-3.391194E-01    2.096464E-02   
-3.391558E-01    2.052765E-02   
-3.391914E-01    2.009083E-02   
-3.392262E-01    1.965419E-02   
-3.392603E-01    1.921774E-02   
-3.392935E-01    1.878146E-02   
-3.393260E-01    1.834538E-02   
-3.393577E-01    1.790948E-02   
-3.393886E-01    1.747376E-02   
-3.394187E-01    1.703824E-02   
-3.394481E-01    1.660292E-02   
-3.394767E-01    1.616778E-02   
-3.395045E-01    1.573285E-02   
-3.395315E-01    1.529811E-02   
-3.395578E-01    1.486357E-02   
-3.395832E-01    1.442923E-02   
-3.396080E-01    1.399510E-02   
-3.396319E-01    1.356117E-02   
-3.396551E-01    1.312745E-02   
-3.396775E-01    1.269394E-02   
-3.396992E-01    1.226064E-02   
-3.397201E-01    1.182756E-02   
-3.397402E-01    1.139468E-02   
-3.397596E-01    1.096203E-02   
-3.397782E-01    1.052959E-02   
-3.397960E-01    1.009737E-02   
-3.398131E-01    9.665379E-03   
-3.398294E-01    9.233607E-03   
-3.398450E-01    8.802060E-03   
-3.398598E-01    8.370741E-03   
-3.398739E-01    7.939650E-03   
-3.398872E-01    7.508790E-03   
-3.398998E-01    7.078162E-03   
-3.399116E-01    6.647769E-03   
-3.399227E-01    6.217611E-03   
-3.399330E-01    5.787691E-03   
-3.399426E-01    5.358010E-03   
-3.399514E-01    4.928570E-03   
-3.399595E-01    4.499373E-03   
-3.399669E-01    4.070421E-03   
-3.399735E-01    3.641715E-03   
-3.399793E-01    3.213257E-03   
-3.399845E-01    2.785048E-03   
-3.399889E-01    2.357091E-03   
-3.399926E-01    1.929387E-03   
-3.399955E-01    1.501937E-03   
-3.399977E-01    1.074744E-03   
-3.399992E-01    6.478091E-04   
-3.399999E-01    2.211340E-04   
-3.399999E-01   -2.052797E-04   
-3.399992E-01   -6.314302E-04   
-3.399978E-01   -1.057316E-03   
-3.399956E-01   -1.482935E-03   
-3.399927E-01   -1.908287E-03   
-3.399891E-01   -2.333368E-03   
-3.399848E-01   -2.758178E-03   
-3.399797E-01   -3.182715E-03   
-3.399740E-01   -3.606978E-03   
-3.399675E-01   -4.030964E-03   
-3.399603E-01   -4.454672E-03   
-3.399524E-01   -4.878100E-03   
-3.399438E-01   -5.301248E-03   
-3.399345E-01   -5.724113E-03   
-3.399244E-01   -6.146693E-03   
-3.399137E-01   -6.568987E-03   
-3.399022E-01   -6.990994E-03   
-3.398901E-01   -7.412712E-03   
-3.398772E-01   -7.834139E-03   
-3.398637E-01   -8.255274E-03   
-3.398494E-01   -8.676114E-03   
-3.398344E-01   -9.096660E-03   
-3.398188E-01   -9.516908E-03   
-3.398024E-01   -9.936858E-03   
-3.397854E-01   -1.035651E-02   
-3.397677E-01   -1.077586E-02   
-3.397492E-01   -1.119490E-02   
-3.397301E-01   -1.161364E-02   
-3.397103E-01   -1.203207E-02   
-3.396898E-01   -1.245020E-02   
-3.396686E-01   -1.286802E-02   
-3.396467E-01   -1.328552E-02   
-3.396242E-01   -1.370271E-02   
-3.396010E-01   -1.411959E-02   
-3.395770E-01   -1.453616E-02   
-3.395525E-01   -1.495240E-02   
-3.395272E-01   -1.536833E-02   
-3.395012E-01   -1.578394E-02   
-3.394746E-01   -1.619923E-02   
-3.394473E-01   -1.661419E-02   
-3.394194E-01   -1.702883E-02   
-3.393907E-01   -1.744315E-02   
-3.393614E-01   -1.785714E-02   
-3.393315E-01   -1.827079E-02   
-3.393008E-01   -1.868412E-02   
-3.392695E-01   -1.909712E-02   
-3.392376E-01   -1.950978E-02   
-3.392050E-01   -1.992211E-02   
-3.391717E-01   -2.033411E-02   
-3.391377E-01   -2.074576E-02   
-3.391031E-01   -2.115708E-02   
-3.390679E-01   -2.156806E-02   
-3.390320E-01   -2.197869E-02   
-3.389954E-01   -2.238899E-02   
-3.389582E-01   -2.279893E-02   
-3.389204E-01   -2.320854E-02   
-3.388819E-01   -2.361779E-02   
-3.388428E-01   -2.402670E-02   
-3.388030E-01   -2.443525E-02   
-3.387625E-01   -2.484346E-02   
-3.387215E-01   -2.525131E-02   
-3.386798E-01   -2.565881E-02   
-3.386374E-01   -2.606596E-02   
-3.385944E-01   -2.647274E-02   
-3.385508E-01   -2.687917E-02   
-3.385066E-01   -2.728524E-02   
-3.384617E-01   -2.769095E-02   
-3.384162E-01   -2.809629E-02   
-3.383700E-01   -2.850128E-02   
-3.383233E-01   -2.890589E-02   
-3.382759E-01   -2.931015E-02   
-3.382279E-01   -2.971403E-02   
-3.381792E-01   -3.011755E-02   
-3.381300E-01   -3.052069E-02   
-3.380801E-01   -3.092347E-02   
-3.380296E-01   -3.132587E-02   
-3.379785E-01   -3.172790E-02   
-3.379268E-01   -3.212955E-02   
-3.378745E-01   -3.253083E-02   
-3.378215E-01   -3.293173E-02   
-3.377680E-01   -3.333225E-02   
-3.377138E-01   -3.373239E-02   
-3.376590E-01   -3.413214E-02   
-3.376037E-01   -3.453152E-02   
-3.375477E-01   -3.493051E-02   
-3.374911E-01   -3.532912E-02   
-3.374339E-01   -3.572734E-02   
-3.373762E-01   -3.612517E-02   
-3.373178E-01   -3.652261E-02   
-3.372588E-01   -3.691967E-02   
-3.371993E-01   -3.731633E-02   
-3.371392E-01   -3.771260E-02   
-3.370784E-01   -3.810848E-02   
-3.370171E-01   -3.850396E-02   
-3.369552E-01   -3.889904E-02   
-3.368927E-01   -3.929373E-02   
-3.368296E-01   -3.968802E-02   
-3.367660E-01   -4.008191E-02   
-3.367017E-01   -4.047540E-02   
-3.366369E-01   -4.086849E-02   
-3.365715E-01   -4.126117E-02   
-3.365056E-01   -4.165345E-02   
-3.364390E-01   -4.204532E-02   
-3.363719E-01   -4.243679E-02   
-3.363042E-01   -4.282785E-02   
-3.362360E-01   -4.321850E-02   
-3.361672E-01   -4.360875E-02   
-3.360978E-01   -4.399858E-02   
-3.360279E-01   -4.438800E-02   
-3.359574E-01   -4.477700E-02   
-3.358863E-01   -4.516559E-02   
-3.358147E-01   -4.555377E-02   
-3.357425E-01   -4.594153E-02   
-3.356698E-01   -4.632887E-02   
-3.355965E-01   -4.671579E-02   
-3.355227E-01   -4.710229E-02   
-3.354483E-01   -4.748837E-02   
-3.353733E-01   -4.787403E-02   
-3.352979E-01   -4.825927E-02   
-3.352218E-01   -4.864408E-02   
-3.351453E-01   -4.902847E-02   
-3.350682E-01   -4.941243E-02   
-3.349905E-01   -4.979597E-02   
-3.349124E-01   -5.017908E-02   
-3.348336E-01   -5.056175E-02   
-3.347544E-01   -5.094400E-02   
-3.346746E-01   -5.132582E-02   
-3.345943E-01   -5.170720E-02   
-3.345134E-01   -5.208815E-02   
-3.344321E-01   -5.246867E-02   
-3.343502E-01   -5.284875E-02   
-3.342678E-01   -5.322839E-02   
-3.341848E-01   -5.360760E-02   
-3.341014E-01   -5.398637E-02   
-3.340174E-01   -5.436470E-02   
-3.339329E-01   -5.474258E-02   
-3.338479E-01   -5.512003E-02   
-3.337623E-01   -5.549704E-02   
-3.336763E-01   -5.587360E-02   
-3.335898E-01   -5.624972E-02   
-3.335027E-01   -5.662540E-02   
-3.334151E-01   -5.700062E-02   
-3.333271E-01   -5.737541E-02   
-3.332385E-01   -5.774974E-02   
-3.331494E-01   -5.812363E-02   
-3.330599E-01   -5.849706E-02   
-3.329698E-01   -5.887005E-02   
-3.328792E-01   -5.924258E-02   
-3.327882E-01   -5.961466E-02   
-3.326966E-01   -5.998629E-02   
-3.326046E-01   -6.035746E-02   
-3.325120E-01   -6.072818E-02   
-3.324190E-01   -6.109845E-02   
-3.323255E-01   -6.146825E-02   
-3.322315E-01   -6.183760E-02   
-3.321371E-01   -6.220649E-02   
-3.320421E-01   -6.257492E-02   
-3.319467E-01   -6.294290E-02   
-3.318508E-01   -6.331041E-02   
-3.317544E-01   -6.367745E-02   
-3.316575E-01   -6.404404E-02   
-3.315602E-01   -6.441016E-02   
-3.314624E-01   -6.477582E-02   
-3.313641E-01   -6.514101E-02   
-3.312654E-01   -6.550574E-02   
-3.311662E-01   -6.587000E-02   
-3.310666E-01   -6.623379E-02   
-3.309664E-01   -6.659712E-02   
-3.308659E-01   -6.695997E-02   
-3.307648E-01   -6.732236E-02   
-3.306633E-01   -6.768427E-02   
-3.305614E-01   -6.804572E-02   
-3.304590E-01   -6.840669E-02   
-3.303561E-01   -6.876718E-02   
-3.302528E-01   -6.912721E-02   
-3.301491E-01   -6.948676E-02   
-3.300449E-01   -6.984583E-02   
-3.299403E-01   -7.020443E-02   
-3.298352E-01   -7.056255E-02   
-3.297297E-01   -7.092019E-02   
-3.296237E-01   -7.127736E-02   
-3.295174E-01   -7.163405E-02   
-3.294105E-01   -7.199025E-02   
-3.293033E-01   -7.234598E-02   
-3.291956E-01   -7.270122E-02   
-3.290875E-01   -7.305599E-02   
-3.289789E-01   -7.341027E-02   
-3.288700E-01   -7.376406E-02   
-3.287606E-01   -7.411738E-02   
-3.286508E-01   -7.447021E-02   
-3.285405E-01   -7.482255E-02   
-3.284299E-01   -7.517441E-02   
-3.283188E-01   -7.552578E-02   
-3.282073E-01   -7.587666E-02   
-3.280954E-01   -7.622706E-02   
-3.279831E-01   -7.657696E-02   
-3.278704E-01   -7.692638E-02   
-3.277573E-01   -7.727531E-02   
-3.276438E-01   -7.762375E-02   
-3.275298E-01   -7.797169E-02   
-3.274155E-01   -7.831915E-02   
-3.273007E-01   -7.866611E-02   
-3.271856E-01   -7.901258E-02   
-3.270701E-01   -7.935855E-02   
-3.269541E-01   -7.970404E-02   
-3.268378E-01   -8.004902E-02   
-3.267211E-01   -8.039351E-02   
-3.266040E-01   -8.073751E-02   
-3.264865E-01   -8.108100E-02   
-3.263686E-01   -8.142400E-02   
-3.262504E-01   -8.176651E-02   
-3.261317E-01   -8.210851E-02   
-3.260127E-01   -8.245002E-02   
-3.258933E-01   -8.279102E-02   
-3.257735E-01   -8.313153E-02   
-3.256534E-01   -8.347154E-02   
-3.255328E-01   -8.381104E-02   
-3.254119E-01   -8.415004E-02   
-3.252906E-01   -8.448854E-02   
-3.251690E-01   -8.482654E-02   
-3.250470E-01   -8.516403E-02   
-3.249246E-01   -8.550102E-02   
-3.248019E-01   -8.583751E-02   
-3.246788E-01   -8.617349E-02   
-3.245553E-01   -8.650897E-02   
-3.244315E-01   -8.684394E-02   
-3.243073E-01   -8.717840E-02   
-3.241828E-01   -8.751236E-02   
-3.240579E-01   -8.784581E-02   
-3.239327E-01   -8.817875E-02   
-3.238071E-01   -8.851118E-02   
-3.236812E-01   -8.884311E-02   
-3.235549E-01   -8.917452E-02   
-3.234283E-01   -8.950543E-02   
-3.233014E-01   -8.983582E-02   
-3.231741E-01   -9.016571E-02   
-3.230464E-01   -9.049508E-02   
-3.229185E-01   -9.082394E-02   
-3.227902E-01   -9.115229E-02   
-3.226615E-01   -9.148013E-02   
-3.225326E-01   -9.180746E-02   
-3.224033E-01   -9.213427E-02   
-3.222736E-01   -9.246057E-02   
-3.221437E-01   -9.278635E-02   
-3.220134E-01   -9.311162E-02   
-3.218828E-01   -9.343638E-02   
-3.217519E-01   -9.376061E-02   
-3.216207E-01   -9.408434E-02   
-3.214891E-01   -9.440755E-02   
-3.213573E-01   -9.473024E-02   
-3.212251E-01   -9.505241E-02   
-3.210926E-01   -9.537407E-02   
-3.209598E-01   -9.569521E-02   
-3.208267E-01   -9.601583E-02   
-3.206933E-01   -9.633593E-02   
-3.205596E-01   -9.665552E-02   
-3.204255E-01   -9.697458E-02   
-3.202912E-01   -9.729313E-02   
-3.201566E-01   -9.761116E-02   
-3.200217E-01   -9.792866E-02   
-3.198865E-01   -9.824565E-02   
-3.197510E-01   -9.856211E-02   
-3.196152E-01   -9.887806E-02   
-3.194791E-01   -9.919348E-02   
-3.193427E-01   -9.950838E-02   
-3.192061E-01   -9.982276E-02   
-3.190691E-01   -1.001366E-01   
-3.189319E-01   -1.004500E-01   
-3.187944E-01   -1.007628E-01   
-3.186566E-01   -1.010750E-01   
-3.185185E-01   -1.013868E-01   
-3.183802E-01   -1.016981E-01   
-3.182416E-01   -1.020088E-01   
-3.181027E-01   -1.023190E-01   
-3.179635E-01   -1.026286E-01   
-3.178241E-01   -1.029378E-01   
-3.176844E-01   -1.032464E-01   
-3.175444E-01   -1.035545E-01   
-3.174042E-01   -1.038620E-01   
-3.172637E-01   -1.041691E-01   
-3.171230E-01   -1.044756E-01   
-3.169820E-01   -1.047816E-01   
-3.168407E-01   -1.050871E-01   
-3.166992E-01   -1.053920E-01   
-3.165574E-01   -1.056964E-01   
-3.164154E-01   -1.060003E-01   
-3.162731E-01   -1.063036E-01   
-3.161306E-01   -1.066065E-01   
-3.159879E-01   -1.069088E-01   
-3.158449E-01   -1.072105E-01   
-3.157016E-01   -1.075118E-01   
-3.155581E-01   -1.078125E-01   
-3.154144E-01   -1.081127E-01   
-3.152704E-01   -1.084123E-01   
-3.151262E-01   -1.087114E-01   
-3.149818E-01   -1.090100E-01   
-3.148371E-01   -1.093081E-01   
-3.146922E-01   -1.096056E-01   
-3.145471E-01   -1.099026E-01   
-3.144018E-01   -1.101991E-01   
-3.142562E-01   -1.104951E-01   
-3.141104E-01   -1.107905E-01   
-3.139644E-01   -1.110854E-01   
-3.138181E-01   -1.113797E-01   
-3.136717E-01   -1.116735E-01   
-3.135250E-01   -1.119668E-01   
-3.133781E-01   -1.122596E-01   
-3.132310E-01   -1.125518E-01   
-3.130837E-01   -1.128435E-01   
-3.129362E-01   -1.131347E-01   
-3.127884E-01   -1.134253E-01   
-3.126405E-01   -1.137155E-01   
-3.124924E-01   -1.140050E-01   
-3.123440E-01   -1.142941E-01   
-3.121955E-01   -1.145826E-01   
-3.120467E-01   -1.148706E-01   
-3.118978E-01   -1.151580E-01   
-3.117487E-01   -1.154449E-01   
-3.115993E-01   -1.157313E-01   
-3.114498E-01   -1.160172E-01   
-3.113001E-01   -1.163025E-01   
-3.111502E-01   -1.165873E-01   
-3.110001E-01   -1.168715E-01   
-3.108498E-01   -1.171552E-01   
-3.106994E-01   -1.174384E-01   
-3.105487E-01   -1.177211E-01   
-3.103979E-01   -1.180032E-01   
-3.102469E-01   -1.182848E-01   
-3.100958E-01   -1.185658E-01   
-3.099444E-01   -1.188464E-01   
-3.097929E-01   -1.191264E-01   
-3.096412E-01   -1.194058E-01   
-3.094893E-01   -1.196847E-01   
-3.093373E-01   -1.199631E-01   
-3.091851E-01   -1.202410E-01   
-3.090327E-01   -1.205183E-01   
-3.088802E-01   -1.207951E-01   
-3.087275E-01   -1.210714E-01   
-3.085747E-01   -1.213471E-01   
-3.084217E-01   -1.216223E-01   
-3.082685E-01   -1.218969E-01   
-3.081152E-01   -1.221711E-01   
-3.079617E-01   -1.224447E-01   
-3.078081E-01   -1.227177E-01   
-3.076543E-01   -1.229903E-01   
-3.075004E-01   -1.232623E-01   
-3.073463E-01   -1.235337E-01   
-3.071921E-01   -1.238046E-01   
-3.070377E-01   -1.240750E-01   
-3.068833E-01   -1.243449E-01   
-3.067286E-01   -1.246142E-01   
-3.065738E-01   -1.248830E-01   
-3.064189E-01   -1.251513E-01   
-3.062639E-01   -1.254190E-01   
-3.061087E-01   -1.256862E-01   
-3.059534E-01   -1.259529E-01   
-3.057980E-01   -1.262190E-01   
-3.056424E-01   -1.264846E-01   
-3.054867E-01   -1.267497E-01   
-3.053309E-01   -1.270142E-01   
-3.051749E-01   -1.272782E-01   
-3.050189E-01   -1.275417E-01   
-3.048627E-01   -1.278047E-01   
-3.047064E-01   -1.280671E-01   
-3.045500E-01   -1.283289E-01   
-3.043934E-01   -1.285903E-01   
-3.042368E-01   -1.288511E-01   
-3.040800E-01   -1.291114E-01   
-3.039231E-01   -1.293711E-01   
-3.037662E-01   -1.296304E-01   
-3.036091E-01   -1.298890E-01   
-3.034519E-01   -1.301472E-01   
-3.032946E-01   -1.304048E-01   
-3.031372E-01   -1.306619E-01   
-3.029797E-01   -1.309185E-01   
-3.028221E-01   -1.311745E-01   
-3.026644E-01   -1.314300E-01   
-3.025066E-01   -1.316850E-01   
-3.023487E-01   -1.319394E-01   
-3.021908E-01   -1.321933E-01   
-3.020327E-01   -1.324467E-01   
-3.018745E-01   -1.326996E-01   
-3.017163E-01   -1.329519E-01   
-3.015580E-01   -1.332037E-01   
-3.013996E-01   -1.334550E-01   
-3.012411E-01   -1.337057E-01   
-3.010825E-01   -1.339559E-01   
-3.009238E-01   -1.342056E-01   
-3.007651E-01   -1.344547E-01   
-3.006063E-01   -1.347033E-01   
-3.004474E-01   -1.349514E-01   
-3.002885E-01   -1.351990E-01   
-3.001294E-01   -1.354460E-01   
-2.999703E-01   -1.356925E-01   
-2.998112E-01   -1.359385E-01   
-2.996519E-01   -1.361840E-01   
-2.994926E-01   -1.364289E-01   
-2.993333E-01   -1.366733E-01   
-2.991738E-01   -1.369171E-01   
-2.990144E-01   -1.371605E-01   
-2.988548E-01   -1.374033E-01   
-2.986952E-01   -1.376456E-01   
-2.985356E-01   -1.378874E-01   
-2.983758E-01   -1.381286E-01   
-2.982161E-01   -1.383693E-01   
-2.980563E-01   -1.386095E-01   
-2.978964E-01   -1.388492E-01   
-2.977365E-01   -1.390883E-01   
-2.975765E-01   -1.393269E-01   
-2.974165E-01   -1.395650E-01   
-2.972565E-01   -1.398026E-01   
-2.970964E-01   -1.400396E-01   
-2.969362E-01   -1.402761E-01   
-2.967761E-01   -1.405121E-01   
-2.966159E-01   -1.407476E-01   
-2.964556E-01   -1.409825E-01   
-2.962954E-01   -1.412170E-01   
-2.961350E-01   -1.414509E-01   
-2.959747E-01   -1.416842E-01   
-2.958143E-01   -1.419171E-01   
-2.956539E-01   -1.421494E-01   
-2.954935E-01   -1.423812E-01   
-2.953331E-01   -1.426125E-01   
-2.951726E-01   -1.428433E-01   
-2.950121E-01   -1.430736E-01   
-2.948516E-01   -1.433033E-01   
-2.946910E-01   -1.435325E-01   
-2.945305E-01   -1.437612E-01   
-2.943699E-01   -1.439894E-01   
-2.942093E-01   -1.442170E-01   
-2.940487E-01   -1.444441E-01   
-2.938881E-01   -1.446708E-01   
-2.937275E-01   -1.448969E-01   
-2.935669E-01   -1.451224E-01   
-2.934063E-01   -1.453475E-01   
-2.932456E-01   -1.455720E-01   
-2.930850E-01   -1.457961E-01   
-2.929243E-01   -1.460196E-01   
-2.927637E-01   -1.462426E-01   
-2.926030E-01   -1.464650E-01   
-2.924424E-01   -1.466870E-01   
-2.922817E-01   -1.469085E-01   
-2.921211E-01   -1.471294E-01   
-2.919605E-01   -1.473498E-01   
-2.917999E-01   -1.475697E-01   
-2.916392E-01   -1.477891E-01   
-2.914786E-01   -1.480080E-01   
-2.913181E-01   -1.482263E-01   
-2.911575E-01   -1.484442E-01   
