-1.082532E-01    6.250000E-02   
-1.083156E-01    6.239158E-02   
-1.083779E-01    6.228303E-02   
-1.084399E-01    6.217435E-02   
-1.085017E-01    6.206556E-02   
-1.085633E-01    6.195664E-02   
-1.086246E-01    6.184760E-02   
-1.086858E-01    6.173843E-02   
-1.087467E-01    6.162915E-02   
-1.088074E-01    6.151974E-02   
-1.088679E-01    6.141021E-02   
-1.089282E-01    6.130057E-02   
-1.089882E-01    6.119080E-02   
-1.090480E-01    6.108092E-02   
-1.091076E-01    6.097091E-02   
-1.091670E-01    6.086079E-02   
-1.092262E-01    6.075056E-02   
-1.092851E-01    6.064020E-02   
-1.093439E-01    6.052973E-02   
-1.094024E-01    6.041915E-02   
-1.094606E-01    6.030845E-02   
-1.095187E-01    6.019763E-02   
-1.095765E-01    6.008671E-02   
-1.096341E-01    5.997567E-02   
-1.096915E-01    5.986451E-02   
-1.097487E-01    5.975325E-02   
-1.098056E-01    5.964187E-02   
-1.098623E-01    5.953038E-02   
-1.099188E-01    5.941878E-02   
-1.099750E-01    5.930708E-02   
-1.100311E-01    5.919526E-02   
-1.100869E-01    5.908333E-02   
-1.101425E-01    5.897130E-02   
-1.101978E-01    5.885916E-02   
-1.102529E-01    5.874691E-02   
-1.103078E-01    5.863456E-02   
-1.103625E-01    5.852209E-02   
-1.104170E-01    5.840953E-02   
-1.104712E-01    5.829686E-02   
-1.105252E-01    5.818408E-02   
-1.105789E-01    5.807121E-02   
-1.106325E-01    5.795822E-02   
-1.106858E-01    5.784514E-02   
-1.107388E-01    5.773196E-02   
-1.107917E-01    5.761867E-02   
-1.108443E-01    5.750528E-02   
-1.108967E-01    5.739180E-02   
-1.109489E-01    5.727821E-02   
-1.110008E-01    5.716452E-02   
-1.110525E-01    5.705074E-02   
-1.111039E-01    5.693686E-02   
-1.111552E-01    5.682288E-02   
-1.112062E-01    5.670880E-02   
-1.112570E-01    5.659463E-02   
-1.113075E-01    5.648036E-02   
-1.113578E-01    5.636600E-02   
-1.114079E-01    5.625154E-02   
-1.114577E-01    5.613699E-02   
-1.115073E-01    5.602235E-02   
-1.115567E-01    5.590761E-02   
-1.116059E-01    5.579278E-02   
-1.116548E-01    5.567786E-02   
-1.117035E-01    5.556285E-02   
-1.117519E-01    5.544775E-02   
-1.118001E-01    5.533256E-02   
-1.118481E-01    5.521728E-02   
-1.118958E-01    5.510191E-02   
-1.119434E-01    5.498645E-02   
-1.119906E-01    5.487091E-02   
-1.120377E-01    5.475528E-02   
-1.120845E-01    5.463956E-02   
-1.121310E-01    5.452376E-02   
-1.121774E-01    5.440787E-02   
-1.122235E-01    5.429190E-02   
-1.122693E-01    5.417584E-02   
-1.123149E-01    5.405970E-02   
-1.123603E-01    5.394348E-02   
-1.124055E-01    5.382717E-02   
-1.124504E-01    5.371079E-02   
-1.124951E-01    5.359432E-02   
-1.125395E-01    5.347778E-02   
-1.125837E-01    5.336115E-02   
-1.126277E-01    5.324444E-02   
-1.126714E-01    5.312766E-02   
-1.127149E-01    5.301079E-02   
-1.127581E-01    5.289385E-02   
-1.128011E-01    5.277684E-02   
-1.128439E-01    5.265974E-02   
-1.128864E-01    5.254258E-02   
-1.129287E-01    5.242533E-02   
-1.129708E-01    5.230801E-02   
-1.130126E-01    5.219062E-02   
-1.130542E-01    5.207316E-02   
-1.130955E-01    5.195562E-02   
-1.131366E-01    5.183801E-02   
-1.131774E-01    5.172033E-02   
-1.132181E-01    5.160257E-02   
-1.132584E-01    5.148475E-02   
-1.132986E-01    5.136686E-02   
-1.133385E-01    5.124890E-02   
-1.133781E-01    5.113087E-02   
-1.134175E-01    5.101277E-02   
-1.134567E-01    5.089461E-02   
-1.134956E-01    5.077637E-02   
-1.135343E-01    5.065808E-02   
-1.135727E-01    5.053971E-02   
-1.136109E-01    5.042128E-02   
-1.136489E-01    5.030279E-02   
-1.136866E-01    5.018423E-02   
-1.137240E-01    5.006562E-02   
-1.137613E-01    4.994693E-02   
-1.137983E-01    4.982819E-02   
-1.138350E-01    4.970938E-02   
-1.138715E-01    4.959052E-02   
-1.139077E-01    4.947159E-02   
-1.139438E-01    4.935261E-02   
-1.139795E-01    4.923356E-02   
-1.140150E-01    4.911446E-02   
-1.140503E-01    4.899530E-02   
-1.140853E-01    4.887608E-02   
-1.141201E-01    4.875681E-02   
-1.141547E-01    4.863748E-02   
-1.141890E-01    4.851809E-02   
-1.142230E-01    4.839865E-02   
-1.142568E-01    4.827916E-02   
-1.142904E-01    4.815961E-02   
-1.143237E-01    4.804001E-02   
-1.143568E-01    4.792036E-02   
-1.143896E-01    4.780065E-02   
-1.144222E-01    4.768090E-02   
-1.144545E-01    4.756109E-02   
-1.144866E-01    4.744124E-02   
-1.145185E-01    4.732133E-02   
-1.145501E-01    4.720138E-02   
-1.145814E-01    4.708138E-02   
-1.146125E-01    4.696133E-02   
-1.146434E-01    4.684123E-02   
-1.146740E-01    4.672109E-02   
-1.147044E-01    4.660090E-02   
-1.147345E-01    4.648067E-02   
-1.147643E-01    4.636039E-02   
-1.147940E-01    4.624007E-02   
-1.148233E-01    4.611970E-02   
-1.148525E-01    4.599930E-02   
-1.148813E-01    4.587885E-02   
-1.149100E-01    4.575836E-02   
-1.149384E-01    4.563783E-02   
-1.149665E-01    4.551726E-02   
-1.149944E-01    4.539664E-02   
-1.150220E-01    4.527599E-02   
-1.150494E-01    4.515531E-02   
-1.150766E-01    4.503458E-02   
-1.151035E-01    4.491382E-02   
-1.151301E-01    4.479302E-02   
-1.151565E-01    4.467218E-02   
-1.151827E-01    4.455131E-02   
-1.152086E-01    4.443041E-02   
-1.152342E-01    4.430947E-02   
-1.152596E-01    4.418849E-02   
-1.152848E-01    4.406749E-02   
-1.153097E-01    4.394645E-02   
-1.153343E-01    4.382538E-02   
-1.153588E-01    4.370428E-02   
-1.153829E-01    4.358315E-02   
-1.154068E-01    4.346198E-02   
-1.154305E-01    4.334079E-02   
-1.154539E-01    4.321958E-02   
-1.154770E-01    4.309833E-02   
-1.155000E-01    4.297705E-02   
-1.155226E-01    4.285575E-02   
-1.155450E-01    4.273442E-02   
-1.155672E-01    4.261307E-02   
-1.155891E-01    4.249169E-02   
-1.156108E-01    4.237029E-02   
-1.156322E-01    4.224886E-02   
-1.156533E-01    4.212741E-02   
-1.156742E-01    4.200594E-02   
-1.156949E-01    4.188445E-02   
-1.157153E-01    4.176293E-02   
-1.157355E-01    4.164140E-02   
-1.157554E-01    4.151984E-02   
-1.157750E-01    4.139826E-02   
-1.157944E-01    4.127667E-02   
-1.158136E-01    4.115506E-02   
-1.158325E-01    4.103343E-02   
-1.158511E-01    4.091178E-02   
-1.158695E-01    4.079011E-02   
-1.158877E-01    4.066843E-02   
-1.159056E-01    4.054674E-02   
-1.159232E-01    4.042503E-02   
-1.159406E-01    4.030330E-02   
-1.159578E-01    4.018157E-02   
-1.159747E-01    4.005982E-02   
-1.159913E-01    3.993805E-02   
-1.160077E-01    3.981628E-02   
-1.160239E-01    3.969450E-02   
-1.160398E-01    3.957270E-02   
-1.160554E-01    3.945089E-02   
-1.160708E-01    3.932908E-02   
-1.160859E-01    3.920726E-02   
-1.161008E-01    3.908543E-02   
-1.161155E-01    3.896359E-02   
-1.161298E-01    3.884174E-02   
-1.161440E-01    3.871989E-02   
-1.161578E-01    3.859803E-02   
-1.161715E-01    3.847617E-02   
-1.161849E-01    3.835431E-02   
-1.161980E-01    3.823244E-02   
-1.162109E-01    3.811056E-02   
-1.162235E-01    3.798869E-02   
-1.162358E-01    3.786681E-02   
-1.162480E-01    3.774493E-02   
-1.162598E-01    3.762305E-02   
-1.162715E-01    3.750117E-02   
-1.162828E-01    3.737929E-02   
-1.162939E-01    3.725741E-02   
-1.163048E-01    3.713554E-02   
-1.163154E-01    3.701366E-02   
-1.163258E-01    3.689179E-02   
-1.163359E-01    3.676992E-02   
-1.163457E-01    3.664806E-02   
-1.163553E-01    3.652620E-02   
-1.163647E-01    3.640435E-02   
-1.163738E-01    3.628250E-02   
-1.163826E-01    3.616066E-02   
-1.163912E-01    3.603882E-02   
-1.163996E-01    3.591700E-02   
-1.164077E-01    3.579518E-02   
-1.164155E-01    3.567337E-02   
-1.164231E-01    3.555157E-02   
-1.164304E-01    3.542978E-02   
-1.164375E-01    3.530800E-02   
-1.164443E-01    3.518623E-02   
-1.164509E-01    3.506448E-02   
-1.164573E-01    3.494274E-02   
-1.164633E-01    3.482101E-02   
-1.164692E-01    3.469929E-02   
-1.164747E-01    3.457759E-02   
-1.164801E-01    3.445590E-02   
-1.164851E-01    3.433423E-02   
-1.164900E-01    3.421257E-02   
-1.164945E-01    3.409093E-02   
-1.164989E-01    3.396931E-02   
-1.165029E-01    3.384771E-02   
-1.165068E-01    3.372612E-02   
-1.165103E-01    3.360456E-02   
-1.165136E-01    3.348301E-02   
-1.165167E-01    3.336149E-02   
-1.165195E-01    3.323998E-02   
-1.165221E-01    3.311850E-02   
-1.165244E-01    3.299703E-02   
-1.165265E-01    3.287560E-02   
-1.165283E-01    3.275418E-02   
-1.165298E-01    3.263279E-02   
-1.165311E-01    3.251142E-02   
-1.165322E-01    3.239008E-02   
-1.165330E-01    3.226876E-02   
-1.165336E-01    3.214747E-02   
-1.165339E-01    3.202621E-02   
-1.165339E-01    3.190497E-02   
-1.165337E-01    3.178376E-02   
-1.165333E-01    3.166258E-02   
-1.165326E-01    3.154143E-02   
-1.165316E-01    3.142031E-02   
-1.165304E-01    3.129922E-02   
-1.165290E-01    3.117816E-02   
-1.165273E-01    3.105713E-02   
-1.165254E-01    3.093613E-02   
-1.165232E-01    3.081517E-02   
-1.165207E-01    3.069424E-02   
-1.165180E-01    3.057334E-02   
-1.165151E-01    3.045248E-02   
-1.165119E-01    3.033165E-02   
-1.165084E-01    3.021086E-02   
-1.165047E-01    3.009011E-02   
-1.165008E-01    2.996939E-02   
-1.164966E-01    2.984871E-02   
-1.164922E-01    2.972806E-02   
-1.164875E-01    2.960746E-02   
-1.164825E-01    2.948689E-02   
-1.164773E-01    2.936637E-02   
-1.164719E-01    2.924588E-02   
-1.164662E-01    2.912544E-02   
-1.164603E-01    2.900503E-02   
-1.164541E-01    2.888467E-02   
-1.164477E-01    2.876435E-02   
-1.164410E-01    2.864408E-02   
-1.164340E-01    2.852384E-02   
-1.164269E-01    2.840366E-02   
-1.164194E-01    2.828351E-02   
-1.164118E-01    2.816342E-02   
-1.164038E-01    2.804336E-02   
-1.163957E-01    2.792336E-02   
-1.163873E-01    2.780340E-02   
-1.163786E-01    2.768349E-02   
-1.163697E-01    2.756363E-02   
-1.163605E-01    2.744382E-02   
-1.163511E-01    2.732406E-02   
-1.163415E-01    2.720434E-02   
-1.163316E-01    2.708468E-02   
-1.163214E-01    2.696507E-02   
-1.163110E-01    2.684551E-02   
-1.163004E-01    2.672600E-02   
-1.162895E-01    2.660655E-02   
-1.162783E-01    2.648715E-02   
-1.162670E-01    2.636780E-02   
-1.162553E-01    2.624851E-02   
-1.162435E-01    2.612927E-02   
-1.162313E-01    2.601009E-02   
-1.162190E-01    2.589096E-02   
-1.162064E-01    2.577190E-02   
-1.161935E-01    2.565289E-02   
-1.161804E-01    2.553393E-02   
-1.161670E-01    2.541504E-02   
-1.161534E-01    2.529620E-02   
-1.161396E-01    2.517743E-02   
-1.161255E-01    2.505871E-02   
-1.161112E-01    2.494006E-02   
-1.160966E-01    2.482147E-02   
-1.160818E-01    2.470293E-02   
-1.160667E-01    2.458447E-02   
-1.160514E-01    2.446606E-02   
-1.160359E-01    2.434772E-02   
-1.160201E-01    2.422944E-02   
-1.160040E-01    2.411123E-02   
-1.159878E-01    2.399308E-02   
-1.159712E-01    2.387500E-02   
-1.159545E-01    2.375698E-02   
-1.159374E-01    2.363903E-02   
-1.159202E-01    2.352115E-02   
-1.159027E-01    2.340334E-02   
-1.158849E-01    2.328559E-02   
-1.158670E-01    2.316792E-02   
-1.158487E-01    2.305031E-02   
-1.158303E-01    2.293278E-02   
-1.158115E-01    2.281531E-02   
-1.157926E-01    2.269792E-02   
-1.157734E-01    2.258060E-02   
-1.157540E-01    2.246335E-02   
-1.157343E-01    2.234617E-02   
-1.157143E-01    2.222907E-02   
-1.156942E-01    2.211204E-02   
-1.156738E-01    2.199509E-02   
-1.156531E-01    2.187821E-02   
-1.156322E-01    2.176140E-02   
-1.156111E-01    2.164468E-02   
-1.155898E-01    2.152802E-02   
-1.155681E-01    2.141145E-02   
-1.155463E-01    2.129496E-02   
-1.155242E-01    2.117854E-02   
-1.155019E-01    2.106220E-02   
-1.154793E-01    2.094594E-02   
-1.154565E-01    2.082976E-02   
-1.154335E-01    2.071367E-02   
-1.154102E-01    2.059765E-02   
-1.153867E-01    2.048171E-02   
-1.153629E-01    2.036586E-02   
-1.153389E-01    2.025009E-02   
-1.153147E-01    2.013440E-02   
-1.152902E-01    2.001880E-02   
-1.152655E-01    1.990328E-02   
-1.152405E-01    1.978784E-02   
-1.152153E-01    1.967249E-02   
-1.151899E-01    1.955723E-02   
-1.151642E-01    1.944205E-02   
-1.151383E-01    1.932696E-02   
-1.151122E-01    1.921196E-02   
-1.150858E-01    1.909704E-02   
-1.150592E-01    1.898222E-02   
-1.150324E-01    1.886748E-02   
-1.150053E-01    1.875283E-02   
-1.149780E-01    1.863827E-02   
-1.149504E-01    1.852381E-02   
-1.149226E-01    1.840943E-02   
-1.148946E-01    1.829514E-02   
-1.148663E-01    1.818095E-02   
-1.148378E-01    1.806685E-02   
-1.148091E-01    1.795284E-02   
-1.147801E-01    1.783893E-02   
-1.147509E-01    1.772511E-02   
-1.147215E-01    1.761139E-02   
-1.146918E-01    1.749776E-02   
-1.146619E-01    1.738422E-02   
-1.146318E-01    1.727079E-02   
-1.146014E-01    1.715744E-02   
-1.145708E-01    1.704420E-02   
-1.145400E-01    1.693105E-02   
-1.145090E-01    1.681801E-02   
-1.144777E-01    1.670506E-02   
-1.144461E-01    1.659221E-02   
-1.144144E-01    1.647946E-02   
-1.143824E-01    1.636681E-02   
-1.143502E-01    1.625426E-02   
-1.143177E-01    1.614181E-02   
-1.142850E-01    1.602946E-02   
-1.142521E-01    1.591722E-02   
-1.142190E-01    1.580508E-02   
-1.141856E-01    1.569304E-02   
-1.141520E-01    1.558111E-02   
-1.141181E-01    1.546928E-02   
-1.140841E-01    1.535755E-02   
-1.140498E-01    1.524593E-02   
-1.140153E-01    1.513442E-02   
-1.139805E-01    1.502301E-02   
-1.139455E-01    1.491171E-02   
-1.139103E-01    1.480052E-02   
-1.138749E-01    1.468943E-02   
-1.138392E-01    1.457845E-02   
-1.138033E-01    1.446758E-02   
-1.137672E-01    1.435682E-02   
-1.137309E-01    1.424617E-02   
-1.136943E-01    1.413563E-02   
-1.136575E-01    1.402520E-02   
-1.136205E-01    1.391488E-02   
-1.135832E-01    1.380467E-02   
-1.135457E-01    1.369458E-02   
-1.135080E-01    1.358460E-02   
-1.134701E-01    1.347473E-02   
-1.134319E-01    1.336497E-02   
-1.133936E-01    1.325533E-02   
-1.133550E-01    1.314580E-02   
-1.133161E-01    1.303639E-02   
-1.132771E-01    1.292709E-02   
-1.132378E-01    1.281791E-02   
-1.131983E-01    1.270884E-02   
-1.131586E-01    1.259989E-02   
-1.131186E-01    1.249106E-02   
-1.130785E-01    1.238235E-02   
-1.130381E-01    1.227375E-02   
-1.129975E-01    1.216528E-02   
-1.129566E-01    1.205692E-02   
-1.129156E-01    1.194868E-02   
-1.128743E-01    1.184057E-02   
-1.128328E-01    1.173257E-02   
-1.127911E-01    1.162469E-02   
-1.127491E-01    1.151694E-02   
-1.127070E-01    1.140931E-02   
-1.126646E-01    1.130180E-02   
-1.126220E-01    1.119441E-02   
-1.125792E-01    1.108714E-02   
-1.125361E-01    1.098000E-02   
-1.124929E-01    1.087299E-02   
-1.124494E-01    1.076610E-02   
-1.124057E-01    1.065933E-02   
-1.123618E-01    1.055269E-02   
-1.123176E-01    1.044617E-02   
-1.122733E-01    1.033979E-02   
-1.122287E-01    1.023353E-02   
-1.121839E-01    1.012739E-02   
-1.121389E-01    1.002139E-02   
-1.120937E-01    9.915507E-03   
-1.120483E-01    9.809758E-03   
-1.120026E-01    9.704138E-03   
-1.119567E-01    9.598648E-03   
-1.119106E-01    9.493288E-03   
-1.118643E-01    9.388058E-03   
-1.118178E-01    9.282959E-03   
-1.117711E-01    9.177991E-03   
-1.117242E-01    9.073156E-03   
-1.116770E-01    8.968452E-03   
-1.116296E-01    8.863881E-03   
-1.115821E-01    8.759443E-03   
-1.115343E-01    8.655139E-03   
-1.114862E-01    8.550969E-03   
-1.114380E-01    8.446933E-03   
-1.113896E-01    8.343032E-03   
-1.113409E-01    8.239266E-03   
-1.112921E-01    8.135636E-03   
-1.112430E-01    8.032142E-03   
-1.111937E-01    7.928785E-03   
-1.111442E-01    7.825564E-03   
-1.110945E-01    7.722481E-03   
-1.110446E-01    7.619536E-03   
-1.109945E-01    7.516729E-03   
-1.109442E-01    7.414060E-03   
-1.108936E-01    7.311531E-03   
-1.108429E-01    7.209141E-03   
-1.107919E-01    7.106891E-03   
-1.107407E-01    7.004781E-03   
-1.106894E-01    6.902812E-03   
-1.106378E-01    6.800984E-03   
-1.105860E-01    6.699298E-03   
-1.105340E-01    6.597754E-03   
-1.104818E-01    6.496352E-03   
-1.104294E-01    6.395092E-03   
-1.103768E-01    6.293976E-03   
-1.103239E-01    6.193004E-03   
-1.102709E-01    6.092175E-03   
-1.102177E-01    5.991491E-03   
-1.101642E-01    5.890952E-03   
-1.101106E-01    5.790558E-03   
-1.100567E-01    5.690309E-03   
-1.100027E-01    5.590207E-03   
-1.099484E-01    5.490251E-03   
-1.098940E-01    5.390442E-03   
-1.098393E-01    5.290779E-03   
-1.097844E-01    5.191265E-03   
-1.097294E-01    5.091898E-03   
-1.096741E-01    4.992680E-03   
-1.096186E-01    4.893611E-03   
-1.095630E-01    4.794691E-03   
-1.095071E-01    4.695920E-03   
-1.094510E-01    4.597299E-03   
-1.093947E-01    4.498829E-03   
-1.093382E-01    4.400509E-03   
-1.092816E-01    4.302340E-03   
-1.092247E-01    4.204323E-03   
-1.091676E-01    4.106458E-03   
-1.091103E-01    4.008744E-03   
-1.090529E-01    3.911184E-03   
-1.089952E-01    3.813776E-03   
-1.089373E-01    3.716522E-03   
-1.088793E-01    3.619422E-03   
-1.088210E-01    3.522475E-03   
-1.087625E-01    3.425683E-03   
-1.087039E-01    3.329046E-03   
-1.086450E-01    3.232565E-03   
-1.085860E-01    3.136239E-03   
-1.085267E-01    3.040068E-03   
-1.084673E-01    2.944054E-03   
-1.084076E-01    2.848197E-03   
-1.083478E-01    2.752497E-03   
-1.082878E-01    2.656955E-03   
-1.082276E-01    2.561570E-03   
-1.081672E-01    2.466343E-03   
-1.081065E-01    2.371275E-03   
-1.080458E-01    2.276365E-03   
-1.079848E-01    2.181615E-03   
-1.079236E-01    2.087025E-03   
-1.078622E-01    1.992594E-03   
-1.078006E-01    1.898324E-03   
-1.077389E-01    1.804214E-03   
-1.076769E-01    1.710266E-03   
-1.076148E-01    1.616478E-03   
-1.075525E-01    1.522853E-03   
-1.074899E-01    1.429389E-03   
-1.074272E-01    1.336088E-03   
-1.073643E-01    1.242950E-03   
-1.073012E-01    1.149974E-03   
-1.072380E-01    1.057162E-03   
-1.071745E-01    9.645142E-04   
-1.071108E-01    8.720302E-04   
-1.070470E-01    7.797106E-04   
-1.069830E-01    6.875559E-04   
-1.069188E-01    5.955662E-04   
-1.068544E-01    5.037420E-04   
-1.067898E-01    4.120836E-04   
-1.067250E-01    3.205914E-04   
-1.066600E-01    2.292655E-04   
-1.065949E-01    1.381065E-04   
-1.065296E-01    4.711463E-05   
-1.064641E-01   -4.370982E-05   
-1.063984E-01   -1.343665E-04   
-1.063325E-01   -2.248551E-04   
-1.062664E-01   -3.151752E-04   
-1.062002E-01   -4.053266E-04   
-1.061337E-01   -4.953090E-04   
-1.060671E-01   -5.851219E-04   
-1.060003E-01   -6.747651E-04   
-1.059334E-01   -7.642383E-04   
-1.058662E-01   -8.535412E-04   
-1.057989E-01   -9.426734E-04   
-1.057314E-01   -1.031635E-03   
-1.056637E-01   -1.120425E-03   
-1.055958E-01   -1.209043E-03   
-1.055277E-01   -1.297489E-03   
-1.054595E-01   -1.385763E-03   
-1.053911E-01   -1.473865E-03   
-1.053225E-01   -1.561794E-03   
-1.052537E-01   -1.649550E-03   
-1.051848E-01   -1.737132E-03   
-1.051156E-01   -1.824540E-03   
-1.050463E-01   -1.911775E-03   
-1.049769E-01   -1.998835E-03   
-1.049072E-01   -2.085720E-03   
-1.048374E-01   -2.172431E-03   
-1.047674E-01   -2.258966E-03   
-1.046972E-01   -2.345326E-03   
-1.046268E-01   -2.431510E-03   
-1.045563E-01   -2.517517E-03   
-1.044856E-01   -2.603349E-03   
-1.044147E-01   -2.689003E-03   
-1.043437E-01   -2.774481E-03   
-1.042725E-01   -2.859781E-03   
-1.042011E-01   -2.944904E-03   
-1.041295E-01   -3.029849E-03   
-1.040578E-01   -3.114615E-03   
-1.039859E-01   -3.199204E-03   
-1.039138E-01   -3.283613E-03   
-1.038415E-01   -3.367844E-03   
-1.037691E-01   -3.451895E-03   
-1.036965E-01   -3.535767E-03   
-1.036237E-01   -3.619459E-03   
-1.035508E-01   -3.702971E-03   
-1.034777E-01   -3.786303E-03   
-1.034044E-01   -3.869453E-03   
-1.033310E-01   -3.952423E-03   
-1.032574E-01   -4.035212E-03   
-1.031836E-01   -4.117820E-03   
-1.031097E-01   -4.200245E-03   
-1.030356E-01   -4.282489E-03   
-1.029613E-01   -4.364550E-03   
-1.028869E-01   -4.446429E-03   
-1.028123E-01   -4.528125E-03   
-1.027375E-01   -4.609638E-03   
-1.026626E-01   -4.690968E-03   
-1.025875E-01   -4.772114E-03   
-1.025122E-01   -4.853077E-03   
-1.024368E-01   -4.933855E-03   
-1.023612E-01   -5.014449E-03   
-1.022854E-01   -5.094858E-03   
-1.022095E-01   -5.175083E-03   
-1.021335E-01   -5.255122E-03   
-1.020572E-01   -5.334977E-03   
-1.019808E-01   -5.414645E-03   
-1.019043E-01   -5.494128E-03   
-1.018275E-01   -5.573425E-03   
-1.017507E-01   -5.652535E-03   
-1.016736E-01   -5.731459E-03   
-1.015964E-01   -5.810196E-03   
-1.015191E-01   -5.888746E-03   
-1.014415E-01   -5.967109E-03   
-1.013639E-01   -6.045284E-03   
-1.012860E-01   -6.123272E-03   
-1.012080E-01   -6.201071E-03   
-1.011299E-01   -6.278683E-03   
-1.010516E-01   -6.356106E-03   
-1.009731E-01   -6.433340E-03   
-1.008945E-01   -6.510385E-03   
-1.008157E-01   -6.587241E-03   
-1.007368E-01   -6.663908E-03   
-1.006577E-01   -6.740385E-03   
-1.005785E-01   -6.816673E-03   
-1.004991E-01   -6.892770E-03   
-1.004195E-01   -6.968677E-03   
-1.003398E-01   -7.044394E-03   
-1.002600E-01   -7.119920E-03   
-1.001800E-01   -7.195255E-03   
-1.000998E-01   -7.270399E-03   
-1.000195E-01   -7.345351E-03   
-9.993905E-02   -7.420112E-03   
-9.985843E-02   -7.494681E-03   
-9.977767E-02   -7.569058E-03   
-9.969675E-02   -7.643243E-03   
-9.961569E-02   -7.717236E-03   
-9.953447E-02   -7.791036E-03   
-9.945311E-02   -7.864643E-03   
-9.937160E-02   -7.938057E-03   
-9.928994E-02   -8.011278E-03   
-9.920813E-02   -8.084306E-03   
-9.912617E-02   -8.157140E-03   
-9.904407E-02   -8.229780E-03   
-9.896182E-02   -8.302226E-03   
-9.887942E-02   -8.374477E-03   
-9.879687E-02   -8.446535E-03   
-9.871419E-02   -8.518397E-03   
-9.863135E-02   -8.590065E-03   
-9.854837E-02   -8.661538E-03   
-9.846524E-02   -8.732816E-03   
-9.838198E-02   -8.803898E-03   
-9.829856E-02   -8.874785E-03   
-9.821501E-02   -8.945476E-03   
-9.813131E-02   -9.015971E-03   
-9.804746E-02   -9.086270E-03   
-9.796348E-02   -9.156372E-03   
-9.787935E-02   -9.226278E-03   
-9.779508E-02   -9.295988E-03   
-9.771067E-02   -9.365500E-03   
-9.762612E-02   -9.434816E-03   
-9.754143E-02   -9.503934E-03   
-9.745660E-02   -9.572855E-03   
-9.737163E-02   -9.641579E-03   
-9.728652E-02   -9.710104E-03   
-9.720127E-02   -9.778432E-03   
-9.711588E-02   -9.846562E-03   
-9.703036E-02   -9.914493E-03   
-9.694469E-02   -9.982227E-03   
-9.685889E-02   -1.004976E-02   
-9.677295E-02   -1.011710E-02   
-9.668688E-02   -1.018423E-02   
-9.660067E-02   -1.025117E-02   
-9.651432E-02   -1.031791E-02   
-9.642784E-02   -1.038445E-02   
-9.634122E-02   -1.045079E-02   
-9.625447E-02   -1.051693E-02   
-9.616758E-02   -1.058287E-02   
-9.608056E-02   -1.064861E-02   
-9.599341E-02   -1.071415E-02   
-9.590612E-02   -1.077949E-02   
-9.581870E-02   -1.084463E-02   
-9.573115E-02   -1.090957E-02   
-9.564346E-02   -1.097430E-02   
-9.555565E-02   -1.103884E-02   
-9.546770E-02   -1.110318E-02   
-9.537962E-02   -1.116731E-02   
-9.529141E-02   -1.123125E-02   
-9.520308E-02   -1.129498E-02   
-9.511461E-02   -1.135851E-02   
-9.502601E-02   -1.142184E-02   
-9.493728E-02   -1.148496E-02   
-9.484843E-02   -1.154789E-02   
-9.475944E-02   -1.161061E-02   
-9.467033E-02   -1.167313E-02   
-9.458109E-02   -1.173545E-02   
-9.449173E-02   -1.179756E-02   
-9.440224E-02   -1.185948E-02   
-9.431262E-02   -1.192119E-02   
-9.422287E-02   -1.198269E-02   
-9.413300E-02   -1.204400E-02   
-9.404301E-02   -1.210510E-02   
-9.395289E-02   -1.216599E-02   
-9.386264E-02   -1.222669E-02   
-9.377227E-02   -1.228718E-02   
-9.368178E-02   -1.234746E-02   
-9.359117E-02   -1.240755E-02   
-9.350043E-02   -1.246743E-02   
-9.340957E-02   -1.252710E-02   
-9.331859E-02   -1.258657E-02   
-9.322748E-02   -1.264584E-02   
-9.313626E-02   -1.270490E-02   
-9.304491E-02   -1.276376E-02   
-9.295344E-02   -1.282241E-02   
-9.286186E-02   -1.288086E-02   
-9.277015E-02   -1.293910E-02   
-9.267833E-02   -1.299714E-02   
-9.258638E-02   -1.305497E-02   
-9.249432E-02   -1.311260E-02   
-9.240213E-02   -1.317003E-02   
-9.230983E-02   -1.322724E-02   
-9.221742E-02   -1.328426E-02   
-9.212488E-02   -1.334106E-02   
-9.203223E-02   -1.339766E-02   
-9.193946E-02   -1.345406E-02   
-9.184658E-02   -1.351025E-02   
-9.175358E-02   -1.356623E-02   
-9.166047E-02   -1.362201E-02   
-9.156724E-02   -1.367758E-02   
-9.147389E-02   -1.373295E-02   
-9.138043E-02   -1.378811E-02   
-9.128686E-02   -1.384306E-02   
-9.119318E-02   -1.389781E-02   
-9.109938E-02   -1.395235E-02   
-9.100547E-02   -1.400668E-02   
-9.091145E-02   -1.406081E-02   
-9.081731E-02   -1.411473E-02   
-9.072307E-02   -1.416844E-02   
-9.062871E-02   -1.422195E-02   
-9.053424E-02   -1.427525E-02   
-9.043967E-02   -1.432834E-02   
-9.034498E-02   -1.438123E-02   
-9.025018E-02   -1.443391E-02   
-9.015527E-02   -1.448638E-02   
-9.006026E-02   -1.453864E-02   
-8.996513E-02   -1.459070E-02   
-8.986990E-02   -1.464255E-02   
-8.977456E-02   -1.469419E-02   
-8.967912E-02   -1.474562E-02   
-8.958356E-02   -1.479685E-02   
-8.948790E-02   -1.484786E-02   
-8.939214E-02   -1.489867E-02   
-8.929626E-02   -1.494928E-02   
-8.920029E-02   -1.499967E-02   
-8.910420E-02   -1.504986E-02   
-8.900802E-02   -1.509984E-02   
-8.891172E-02   -1.514961E-02   
-8.881533E-02   -1.519917E-02   
-8.871883E-02   -1.524852E-02   
-8.862223E-02   -1.529767E-02   
-8.852552E-02   -1.534661E-02   
-8.842871E-02   -1.539534E-02   
-8.833180E-02   -1.544386E-02   
-8.823479E-02   -1.549217E-02   
-8.813768E-02   -1.554028E-02   
-8.804047E-02   -1.558817E-02   
-8.794315E-02   -1.563586E-02   
-8.784574E-02   -1.568334E-02   
-8.774822E-02   -1.573061E-02   
-8.765061E-02   -1.577767E-02   
-8.755290E-02   -1.582452E-02   
-8.745508E-02   -1.587116E-02   
-8.735717E-02   -1.591760E-02   
-8.725916E-02   -1.596382E-02   
-8.716106E-02   -1.600984E-02   
-8.706286E-02   -1.605565E-02   
-8.696455E-02   -1.610125E-02   
-8.686616E-02   -1.614664E-02   
-8.676767E-02   -1.619182E-02   
-8.666908E-02   -1.623679E-02   
-8.657039E-02   -1.628156E-02   
-8.647161E-02   -1.632611E-02   
-8.637274E-02   -1.637046E-02   
-8.627377E-02   -1.641459E-02   
-8.617471E-02   -1.645852E-02   
-8.607555E-02   -1.650224E-02   
-8.597630E-02   -1.654575E-02   
-8.587696E-02   -1.658905E-02   
-8.577753E-02   -1.663214E-02   
-8.567800E-02   -1.667502E-02   
-8.557838E-02   -1.671769E-02   
-8.547867E-02   -1.676015E-02   
-8.537887E-02   -1.680241E-02   
-8.527898E-02   -1.684445E-02   
-8.517899E-02   -1.688629E-02   
-8.507892E-02   -1.692791E-02   
-8.497876E-02   -1.696933E-02   
-8.487851E-02   -1.701054E-02   
-8.477817E-02   -1.705153E-02   
-8.467774E-02   -1.709232E-02   
-8.457722E-02   -1.713290E-02   
-8.447661E-02   -1.717327E-02   
-8.437592E-02   -1.721343E-02   
-8.427514E-02   -1.725338E-02   
-8.417427E-02   -1.729313E-02   
-8.407332E-02   -1.733266E-02   
-8.397228E-02   -1.737198E-02   
-8.387116E-02   -1.741110E-02   
-8.376995E-02   -1.745000E-02   
-8.366865E-02   -1.748870E-02   
-8.356727E-02   -1.752719E-02   
-8.346581E-02   -1.756546E-02   
-8.336426E-02   -1.760353E-02   
-8.326263E-02   -1.764139E-02   
-8.316091E-02   -1.767904E-02   
-8.305911E-02   -1.771648E-02   
-8.295723E-02   -1.775371E-02   
-8.285527E-02   -1.779074E-02   
-8.275322E-02   -1.782755E-02   
-8.265110E-02   -1.786415E-02   
-8.254889E-02   -1.790055E-02   
-8.244660E-02   -1.793674E-02   
-8.234423E-02   -1.797271E-02   
-8.224178E-02   -1.800848E-02   
-8.213925E-02   -1.804404E-02   
-8.203665E-02   -1.807939E-02   
-8.193396E-02   -1.811453E-02   
-8.183119E-02   -1.814946E-02   
-8.172835E-02   -1.818419E-02   
-8.162543E-02   -1.821870E-02   
-8.152243E-02   -1.825301E-02   
-8.141935E-02   -1.828711E-02   
-8.131619E-02   -1.832100E-02   
-8.121296E-02   -1.835468E-02   
-8.110966E-02   -1.838815E-02   
-8.100627E-02   -1.842141E-02   
-8.090281E-02   -1.845446E-02   
-8.079928E-02   -1.848731E-02   
-8.069567E-02   -1.851995E-02   
-8.059199E-02   -1.855237E-02   
-8.048823E-02   -1.858460E-02   
-8.038439E-02   -1.861661E-02   
-8.028049E-02   -1.864841E-02   
-8.017651E-02   -1.868001E-02   
-8.007246E-02   -1.871139E-02   
-7.996833E-02   -1.874257E-02   
-7.986414E-02   -1.877354E-02   
-7.975987E-02   -1.880431E-02   
-7.965553E-02   -1.883486E-02   
-7.955112E-02   -1.886521E-02   
-7.944663E-02   -1.889535E-02   
-7.934208E-02   -1.892528E-02   
-7.923746E-02   -1.895500E-02   
-7.913276E-02   -1.898452E-02   
-7.902800E-02   -1.901383E-02   
-7.892317E-02   -1.904293E-02   
-7.881827E-02   -1.907182E-02   
-7.871330E-02   -1.910051E-02   
-7.860826E-02   -1.912898E-02   
-7.850315E-02   -1.915726E-02   
-7.839798E-02   -1.918532E-02   
-7.829274E-02   -1.921318E-02   
-7.818743E-02   -1.924083E-02   
-7.808206E-02   -1.926827E-02   
-7.797662E-02   -1.929550E-02   
-7.787111E-02   -1.932253E-02   
-7.776554E-02   -1.934935E-02   
-7.765990E-02   -1.937597E-02   
-7.755420E-02   -1.940238E-02   
-7.744843E-02   -1.942858E-02   
-7.734260E-02   -1.945457E-02   
-7.723671E-02   -1.948036E-02   
-7.713075E-02   -1.950594E-02   
-7.702472E-02   -1.953132E-02   
-7.691864E-02   -1.955649E-02   
-7.681249E-02   -1.958145E-02   
-7.670628E-02   -1.960621E-02   
-7.660001E-02   -1.963076E-02   
-7.649367E-02   -1.965511E-02   
-7.638728E-02   -1.967925E-02   
-7.628082E-02   -1.970318E-02   
-7.617430E-02   -1.972691E-02   
-7.606772E-02   -1.975043E-02   
-7.596108E-02   -1.977375E-02   
-7.585439E-02   -1.979686E-02   
-7.574763E-02   -1.981977E-02   
-7.564081E-02   -1.984247E-02   
-7.553393E-02   -1.986497E-02   
-7.542700E-02   -1.988726E-02   
-7.532001E-02   -1.990935E-02   
-7.521296E-02   -1.993123E-02   
-7.510585E-02   -1.995291E-02   
-7.499868E-02   -1.997438E-02   
-7.489146E-02   -1.999565E-02   
-7.478418E-02   -2.001671E-02   
-7.467684E-02   -2.003757E-02   
-7.456945E-02   -2.005823E-02   
-7.446200E-02   -2.007868E-02   
-7.435450E-02   -2.009893E-02   
-7.424694E-02   -2.011897E-02   
-7.413932E-02   -2.013881E-02   
-7.403166E-02   -2.015845E-02   
-7.392393E-02   -2.017788E-02   
-7.381616E-02   -2.019711E-02   
-7.370833E-02   -2.021614E-02   
-7.360044E-02   -2.023496E-02   
-7.349251E-02   -2.025358E-02   
-7.338452E-02   -2.027200E-02   
-7.327647E-02   -2.029022E-02   
-7.316838E-02   -2.030823E-02   
-7.306023E-02   -2.032604E-02   
-7.295204E-02   -2.034365E-02   
-7.284379E-02   -2.036105E-02   
-7.273549E-02   -2.037825E-02   
-7.262714E-02   -2.039525E-02   
-7.251873E-02   -2.041205E-02   
-7.241028E-02   -2.042865E-02   
-7.230178E-02   -2.044504E-02   
-7.219323E-02   -2.046124E-02   
-7.208463E-02   -2.047723E-02   
-7.197598E-02   -2.049302E-02   
-7.186729E-02   -2.050861E-02   
-7.175854E-02   -2.052400E-02   
-7.164975E-02   -2.053918E-02   
-7.154091E-02   -2.055417E-02   
-7.143202E-02   -2.056896E-02   
-7.132308E-02   -2.058354E-02   
-7.121410E-02   -2.059793E-02   
-7.110507E-02   -2.061211E-02   
-7.099599E-02   -2.062610E-02   
-7.088687E-02   -2.063988E-02   
-7.077770E-02   -2.065346E-02   
-7.066849E-02   -2.066685E-02   
-7.055923E-02   -2.068004E-02   
-7.044993E-02   -2.069302E-02   
-7.034058E-02   -2.070581E-02   
-7.023119E-02   -2.071840E-02   
-7.012175E-02   -2.073078E-02   
-7.001227E-02   -2.074297E-02   
-6.990275E-02   -2.075497E-02   
-6.979318E-02   -2.076676E-02   
-6.968357E-02   -2.077835E-02   
-6.957392E-02   -2.078975E-02   
-6.946423E-02   -2.080095E-02   
-6.935449E-02   -2.081195E-02   
-6.924471E-02   -2.082275E-02   
-6.913489E-02   -2.083335E-02   
-6.902503E-02   -2.084376E-02   
-6.891513E-02   -2.085397E-02   
-6.880518E-02   -2.086398E-02   
-6.869520E-02   -2.087380E-02   
-6.858518E-02   -2.088342E-02   
-6.847511E-02   -2.089284E-02   
-6.836501E-02   -2.090206E-02   
-6.825487E-02   -2.091109E-02   
-6.814469E-02   -2.091993E-02   
-6.803447E-02   -2.092856E-02   
-6.792421E-02   -2.093700E-02   
-6.781391E-02   -2.094525E-02   
-6.770358E-02   -2.095330E-02   
-6.759320E-02   -2.096115E-02   
-6.748279E-02   -2.096881E-02   
-6.737234E-02   -2.097628E-02   
-6.726186E-02   -2.098354E-02   
-6.715134E-02   -2.099062E-02   
-6.704078E-02   -2.099750E-02   
-6.693019E-02   -2.100418E-02   
-6.681956E-02   -2.101068E-02   
-6.670889E-02   -2.101697E-02   
-6.659819E-02   -2.102308E-02   
-6.648745E-02   -2.102899E-02   
-6.637668E-02   -2.103470E-02   
-6.626588E-02   -2.104023E-02   
-6.615504E-02   -2.104556E-02   
-6.604416E-02   -2.105069E-02   
-6.593325E-02   -2.105564E-02   
-6.582231E-02   -2.106039E-02   
-6.571134E-02   -2.106495E-02   
-6.560033E-02   -2.106931E-02   
-6.548929E-02   -2.107349E-02   
-6.537821E-02   -2.107747E-02   
-6.526711E-02   -2.108126E-02   
-6.515597E-02   -2.108486E-02   
-6.504480E-02   -2.108827E-02   
-6.493360E-02   -2.109149E-02   
-6.482236E-02   -2.109451E-02   
-6.471110E-02   -2.109735E-02   
-6.459980E-02   -2.109999E-02   
-6.448848E-02   -2.110245E-02   
-6.437712E-02   -2.110471E-02   
-6.426574E-02   -2.110679E-02   
-6.415432E-02   -2.110867E-02   
