-4.330127E-01   -2.500000E-01   
-4.325111E-01   -2.508663E-01   
-4.320074E-01   -2.517313E-01   
-4.315015E-01   -2.525950E-01   
-4.309934E-01   -2.534575E-01   
-4.304832E-01   -2.543187E-01   
-4.299708E-01   -2.551786E-01   
-4.294563E-01   -2.560372E-01   
-4.289396E-01   -2.568945E-01   
-4.284208E-01   -2.577505E-01   
-4.278999E-01   -2.586051E-01   
-4.273769E-01   -2.594585E-01   
-4.268517E-01   -2.603105E-01   
-4.263244E-01   -2.611612E-01   
-4.257950E-01   -2.620106E-01   
-4.252634E-01   -2.628586E-01   
-4.247298E-01   -2.637053E-01   
-4.241941E-01   -2.645505E-01   
-4.236563E-01   -2.653945E-01   
-4.231163E-01   -2.662370E-01   
-4.225743E-01   -2.670782E-01   
-4.220302E-01   -2.679180E-01   
-4.214841E-01   -2.687563E-01   
-4.209358E-01   -2.695933E-01   
-4.203855E-01   -2.704289E-01   
-4.198331E-01   -2.712630E-01   
-4.192787E-01   -2.720958E-01   
-4.187221E-01   -2.729271E-01   
-4.181636E-01   -2.737570E-01   
-4.176030E-01   -2.745854E-01   
-4.170403E-01   -2.754124E-01   
-4.164756E-01   -2.762379E-01   
-4.159089E-01   -2.770620E-01   
-4.153402E-01   -2.778846E-01   
-4.147694E-01   -2.787057E-01   
-4.141966E-01   -2.795254E-01   
-4.136218E-01   -2.803435E-01   
-4.130450E-01   -2.811602E-01   
-4.124662E-01   -2.819754E-01   
-4.118854E-01   -2.827890E-01   
-4.113025E-01   -2.836012E-01   
-4.107177E-01   -2.844118E-01   
-4.101310E-01   -2.852209E-01   
-4.095422E-01   -2.860285E-01   
-4.089514E-01   -2.868345E-01   
-4.083587E-01   -2.876390E-01   
-4.077641E-01   -2.884420E-01   
-4.071674E-01   -2.892434E-01   
-4.065688E-01   -2.900432E-01   
-4.059683E-01   -2.908415E-01   
-4.053658E-01   -2.916382E-01   
-4.047614E-01   -2.924333E-01   
-4.041550E-01   -2.932268E-01   
-4.035467E-01   -2.940188E-01   
-4.029365E-01   -2.948091E-01   
-4.023244E-01   -2.955978E-01   
-4.017104E-01   -2.963849E-01   
-4.010944E-01   -2.971705E-01   
-4.004766E-01   -2.979543E-01   
-3.998568E-01   -2.987366E-01   
-3.992352E-01   -2.995172E-01   
-3.986116E-01   -3.002962E-01   
-3.979862E-01   -3.010735E-01   
-3.973590E-01   -3.018492E-01   
-3.967298E-01   -3.026232E-01   
-3.960988E-01   -3.033956E-01   
-3.954659E-01   -3.041663E-01   
-3.948312E-01   -3.049353E-01   
-3.941946E-01   -3.057026E-01   
-3.935562E-01   -3.064683E-01   
-3.929159E-01   -3.072322E-01   
-3.922738E-01   -3.079945E-01   
-3.916299E-01   -3.087550E-01   
-3.909842E-01   -3.095138E-01   
-3.903366E-01   -3.102710E-01   
-3.896873E-01   -3.110264E-01   
-3.890361E-01   -3.117800E-01   
-3.883832E-01   -3.125320E-01   
-3.877284E-01   -3.132822E-01   
-3.870719E-01   -3.140307E-01   
-3.864135E-01   -3.147774E-01   
-3.857535E-01   -3.155223E-01   
-3.850916E-01   -3.162655E-01   
-3.844280E-01   -3.170070E-01   
-3.837626E-01   -3.177466E-01   
-3.830954E-01   -3.184845E-01   
-3.824266E-01   -3.192206E-01   
-3.817560E-01   -3.199549E-01   
-3.810836E-01   -3.206874E-01   
-3.804095E-01   -3.214181E-01   
-3.797337E-01   -3.221471E-01   
-3.790562E-01   -3.228742E-01   
-3.783770E-01   -3.235995E-01   
-3.776960E-01   -3.243229E-01   
-3.770134E-01   -3.250446E-01   
-3.763291E-01   -3.257644E-01   
-3.756431E-01   -3.264824E-01   
-3.749554E-01   -3.271985E-01   
-3.742660E-01   -3.279128E-01   
-3.735750E-01   -3.286253E-01   
-3.728823E-01   -3.293359E-01   
-3.721880E-01   -3.300446E-01   
-3.714920E-01   -3.307515E-01   
-3.707943E-01   -3.314565E-01   
-3.700951E-01   -3.321596E-01   
-3.693942E-01   -3.328608E-01   
-3.686916E-01   -3.335602E-01   
-3.679875E-01   -3.342577E-01   
-3.672817E-01   -3.349532E-01   
-3.665744E-01   -3.356469E-01   
-3.658654E-01   -3.363387E-01   
-3.651548E-01   -3.370285E-01   
-3.644427E-01   -3.377164E-01   
-3.637290E-01   -3.384025E-01   
-3.630137E-01   -3.390865E-01   
-3.622968E-01   -3.397687E-01   
-3.615784E-01   -3.404489E-01   
-3.608584E-01   -3.411272E-01   
-3.601369E-01   -3.418036E-01   
-3.594138E-01   -3.424779E-01   
-3.586892E-01   -3.431504E-01   
-3.579630E-01   -3.438209E-01   
-3.572354E-01   -3.444894E-01   
-3.565062E-01   -3.451559E-01   
-3.557755E-01   -3.458205E-01   
-3.550433E-01   -3.464831E-01   
-3.543096E-01   -3.471437E-01   
-3.535744E-01   -3.478024E-01   
-3.528378E-01   -3.484590E-01   
-3.520997E-01   -3.491137E-01   
-3.513600E-01   -3.497664E-01   
-3.506190E-01   -3.504170E-01   
-3.498764E-01   -3.510657E-01   
-3.491325E-01   -3.517123E-01   
-3.483870E-01   -3.523569E-01   
-3.476402E-01   -3.529995E-01   
-3.468919E-01   -3.536401E-01   
-3.461422E-01   -3.542786E-01   
-3.453910E-01   -3.549151E-01   
-3.446385E-01   -3.555496E-01   
-3.438846E-01   -3.561821E-01   
-3.431292E-01   -3.568124E-01   
-3.423725E-01   -3.574408E-01   
-3.416144E-01   -3.580671E-01   
-3.408549E-01   -3.586913E-01   
-3.400940E-01   -3.593135E-01   
-3.393318E-01   -3.599336E-01   
-3.385682E-01   -3.605516E-01   
-3.378033E-01   -3.611676E-01   
-3.370370E-01   -3.617814E-01   
-3.362694E-01   -3.623932E-01   
-3.355005E-01   -3.630029E-01   
-3.347302E-01   -3.636106E-01   
-3.339586E-01   -3.642161E-01   
-3.331857E-01   -3.648195E-01   
-3.324116E-01   -3.654209E-01   
-3.316361E-01   -3.660201E-01   
-3.308593E-01   -3.666172E-01   
-3.300813E-01   -3.672122E-01   
-3.293020E-01   -3.678051E-01   
-3.285214E-01   -3.683959E-01   
-3.277395E-01   -3.689845E-01   
-3.269564E-01   -3.695711E-01   
-3.261721E-01   -3.701555E-01   
-3.253865E-01   -3.707377E-01   
-3.245997E-01   -3.713178E-01   
-3.238117E-01   -3.718958E-01   
-3.230224E-01   -3.724716E-01   
-3.222320E-01   -3.730453E-01   
-3.214403E-01   -3.736169E-01   
-3.206474E-01   -3.741863E-01   
-3.198534E-01   -3.747535E-01   
-3.190582E-01   -3.753185E-01   
-3.182618E-01   -3.758814E-01   
-3.174642E-01   -3.764422E-01   
-3.166655E-01   -3.770007E-01   
-3.158656E-01   -3.775571E-01   
-3.150646E-01   -3.781113E-01   
-3.142624E-01   -3.786633E-01   
-3.134591E-01   -3.792132E-01   
-3.126547E-01   -3.797608E-01   
-3.118491E-01   -3.803063E-01   
-3.110425E-01   -3.808496E-01   
-3.102347E-01   -3.813906E-01   
-3.094259E-01   -3.819295E-01   
-3.086159E-01   -3.824662E-01   
-3.078049E-01   -3.830006E-01   
-3.069928E-01   -3.835329E-01   
-3.061797E-01   -3.840629E-01   
-3.053655E-01   -3.845908E-01   
-3.045502E-01   -3.851164E-01   
-3.037339E-01   -3.856398E-01   
-3.029165E-01   -3.861609E-01   
-3.020982E-01   -3.866799E-01   
-3.012788E-01   -3.871966E-01   
-3.004583E-01   -3.877111E-01   
-2.996369E-01   -3.882233E-01   
-2.988145E-01   -3.887333E-01   
-2.979911E-01   -3.892411E-01   
-2.971667E-01   -3.897466E-01   
-2.963413E-01   -3.902499E-01   
-2.955149E-01   -3.907509E-01   
-2.946876E-01   -3.912497E-01   
-2.938593E-01   -3.917462E-01   
-2.930301E-01   -3.922405E-01   
-2.921999E-01   -3.927325E-01   
-2.913688E-01   -3.932223E-01   
-2.905368E-01   -3.937098E-01   
-2.897039E-01   -3.941950E-01   
-2.888700E-01   -3.946780E-01   
-2.880353E-01   -3.951587E-01   
-2.871996E-01   -3.956371E-01   
-2.863631E-01   -3.961132E-01   
-2.855256E-01   -3.965871E-01   
-2.846873E-01   -3.970587E-01   
-2.838481E-01   -3.975280E-01   
-2.830081E-01   -3.979950E-01   
-2.821672E-01   -3.984598E-01   
-2.813255E-01   -3.989222E-01   
-2.804829E-01   -3.993824E-01   
-2.796395E-01   -3.998403E-01   
-2.787953E-01   -4.002958E-01   
-2.779503E-01   -4.007491E-01   
-2.771044E-01   -4.012001E-01   
-2.762578E-01   -4.016488E-01   
-2.754104E-01   -4.020952E-01   
-2.745621E-01   -4.025392E-01   
-2.737132E-01   -4.029810E-01   
-2.728634E-01   -4.034205E-01   
-2.720129E-01   -4.038576E-01   
-2.711616E-01   -4.042925E-01   
-2.703095E-01   -4.047250E-01   
-2.694568E-01   -4.051552E-01   
-2.686033E-01   -4.055831E-01   
-2.677490E-01   -4.060087E-01   
-2.668941E-01   -4.064319E-01   
-2.660384E-01   -4.068529E-01   
-2.651821E-01   -4.072715E-01   
-2.643250E-01   -4.076878E-01   
-2.634673E-01   -4.081018E-01   
-2.626089E-01   -4.085134E-01   
-2.617498E-01   -4.089227E-01   
-2.608901E-01   -4.093297E-01   
-2.600296E-01   -4.097343E-01   
-2.591686E-01   -4.101366E-01   
-2.583069E-01   -4.105366E-01   
-2.574446E-01   -4.109342E-01   
-2.565816E-01   -4.113295E-01   
-2.557180E-01   -4.117225E-01   
-2.548538E-01   -4.121131E-01   
-2.539890E-01   -4.125014E-01   
-2.531237E-01   -4.128873E-01   
-2.522577E-01   -4.132709E-01   
-2.513911E-01   -4.136521E-01   
-2.505240E-01   -4.140310E-01   
-2.496563E-01   -4.144076E-01   
-2.487880E-01   -4.147818E-01   
-2.479192E-01   -4.151536E-01   
-2.470499E-01   -4.155231E-01   
-2.461800E-01   -4.158902E-01   
-2.453096E-01   -4.162550E-01   
-2.444387E-01   -4.166175E-01   
-2.435672E-01   -4.169775E-01   
-2.426953E-01   -4.173353E-01   
-2.418228E-01   -4.176906E-01   
-2.409499E-01   -4.180436E-01   
-2.400765E-01   -4.183943E-01   
-2.392026E-01   -4.187426E-01   
-2.383282E-01   -4.190885E-01   
-2.374534E-01   -4.194321E-01   
-2.365782E-01   -4.197733E-01   
-2.357025E-01   -4.201121E-01   
-2.348263E-01   -4.204486E-01   
-2.339497E-01   -4.207827E-01   
-2.330727E-01   -4.211145E-01   
-2.321953E-01   -4.214438E-01   
-2.313175E-01   -4.217709E-01   
-2.304393E-01   -4.220955E-01   
-2.295607E-01   -4.224178E-01   
-2.286817E-01   -4.227377E-01   
-2.278023E-01   -4.230552E-01   
-2.269226E-01   -4.233704E-01   
-2.260425E-01   -4.236832E-01   
-2.251621E-01   -4.239937E-01   
-2.242813E-01   -4.243017E-01   
-2.234002E-01   -4.246074E-01   
-2.225187E-01   -4.249108E-01   
-2.216369E-01   -4.252117E-01   
-2.207548E-01   -4.255103E-01   
-2.198724E-01   -4.258065E-01   
-2.189897E-01   -4.261004E-01   
-2.181068E-01   -4.263919E-01   
-2.172235E-01   -4.266810E-01   
-2.163399E-01   -4.269677E-01   
-2.154561E-01   -4.272520E-01   
-2.145720E-01   -4.275340E-01   
-2.136877E-01   -4.278136E-01   
-2.128031E-01   -4.280909E-01   
-2.119183E-01   -4.283657E-01   
-2.110332E-01   -4.286382E-01   
-2.101479E-01   -4.289084E-01   
-2.092624E-01   -4.291761E-01   
-2.083767E-01   -4.294415E-01   
-2.074908E-01   -4.297045E-01   
-2.066047E-01   -4.299651E-01   
-2.057184E-01   -4.302234E-01   
-2.048320E-01   -4.304793E-01   
-2.039453E-01   -4.307328E-01   
-2.030586E-01   -4.309840E-01   
-2.021716E-01   -4.312328E-01   
-2.012845E-01   -4.314792E-01   
-2.003972E-01   -4.317232E-01   
-1.995099E-01   -4.319649E-01   
-1.986224E-01   -4.322042E-01   
-1.977347E-01   -4.324411E-01   
-1.968470E-01   -4.326757E-01   
-1.959592E-01   -4.329079E-01   
-1.950712E-01   -4.331377E-01   
-1.941832E-01   -4.333652E-01   
-1.932951E-01   -4.335902E-01   
-1.924069E-01   -4.338130E-01   
-1.915187E-01   -4.340333E-01   
-1.906304E-01   -4.342513E-01   
-1.897420E-01   -4.344670E-01   
-1.888536E-01   -4.346802E-01   
-1.879652E-01   -4.348912E-01   
-1.870767E-01   -4.350997E-01   
-1.861882E-01   -4.353059E-01   
-1.852997E-01   -4.355097E-01   
-1.844112E-01   -4.357112E-01   
-1.835227E-01   -4.359103E-01   
-1.826342E-01   -4.361070E-01   
-1.817458E-01   -4.363014E-01   
-1.808573E-01   -4.364935E-01   
-1.799689E-01   -4.366831E-01   
-1.790805E-01   -4.368705E-01   
-1.781921E-01   -4.370554E-01   
-1.773038E-01   -4.372381E-01   
-1.764156E-01   -4.374183E-01   
-1.755274E-01   -4.375963E-01   
-1.746393E-01   -4.377718E-01   
-1.737513E-01   -4.379450E-01   
-1.728634E-01   -4.381159E-01   
-1.719756E-01   -4.382844E-01   
-1.710878E-01   -4.384506E-01   
-1.702002E-01   -4.386145E-01   
-1.693127E-01   -4.387760E-01   
-1.684254E-01   -4.389351E-01   
-1.675381E-01   -4.390919E-01   
-1.666510E-01   -4.392464E-01   
-1.657641E-01   -4.393986E-01   
-1.648773E-01   -4.395484E-01   
-1.639907E-01   -4.396958E-01   
-1.631042E-01   -4.398410E-01   
-1.622179E-01   -4.399838E-01   
-1.613318E-01   -4.401242E-01   
-1.604459E-01   -4.402624E-01   
-1.595602E-01   -4.403982E-01   
-1.586747E-01   -4.405317E-01   
-1.577894E-01   -4.406629E-01   
-1.569043E-01   -4.407917E-01   
-1.560194E-01   -4.409182E-01   
-1.551348E-01   -4.410424E-01   
-1.542504E-01   -4.411643E-01   
-1.533663E-01   -4.412839E-01   
-1.524824E-01   -4.414012E-01   
-1.515988E-01   -4.415161E-01   
-1.507155E-01   -4.416287E-01   
-1.498324E-01   -4.417390E-01   
-1.489496E-01   -4.418471E-01   
-1.480671E-01   -4.419528E-01   
-1.471849E-01   -4.420562E-01   
-1.463030E-01   -4.421573E-01   
-1.454214E-01   -4.422561E-01   
-1.445402E-01   -4.423526E-01   
-1.436592E-01   -4.424468E-01   
-1.427786E-01   -4.425387E-01   
-1.418984E-01   -4.426283E-01   
-1.410185E-01   -4.427156E-01   
-1.401389E-01   -4.428006E-01   
-1.392597E-01   -4.428834E-01   
-1.383809E-01   -4.429639E-01   
-1.375024E-01   -4.430420E-01   
-1.366243E-01   -4.431179E-01   
-1.357467E-01   -4.431915E-01   
-1.348694E-01   -4.432629E-01   
-1.339925E-01   -4.433320E-01   
-1.331160E-01   -4.433988E-01   
-1.322399E-01   -4.434633E-01   
-1.313643E-01   -4.435255E-01   
-1.304891E-01   -4.435855E-01   
-1.296143E-01   -4.436433E-01   
-1.287400E-01   -4.436987E-01   
-1.278661E-01   -4.437519E-01   
-1.269927E-01   -4.438029E-01   
-1.261197E-01   -4.438516E-01   
-1.252472E-01   -4.438980E-01   
-1.243752E-01   -4.439422E-01   
-1.235037E-01   -4.439842E-01   
-1.226327E-01   -4.440239E-01   
-1.217621E-01   -4.440614E-01   
-1.208921E-01   -4.440966E-01   
-1.200226E-01   -4.441296E-01   
-1.191536E-01   -4.441603E-01   
-1.182851E-01   -4.441888E-01   
-1.174171E-01   -4.442151E-01   
-1.165497E-01   -4.442392E-01   
-1.156829E-01   -4.442610E-01   
-1.148166E-01   -4.442806E-01   
-1.139508E-01   -4.442980E-01   
-1.130856E-01   -4.443132E-01   
-1.122210E-01   -4.443262E-01   
-1.113570E-01   -4.443370E-01   
-1.104935E-01   -4.443455E-01   
-1.096307E-01   -4.443518E-01   
-1.087684E-01   -4.443560E-01   
-1.079067E-01   -4.443579E-01   
-1.070457E-01   -4.443577E-01   
-1.061852E-01   -4.443552E-01   
-1.053254E-01   -4.443506E-01   
-1.044663E-01   -4.443437E-01   
-1.036077E-01   -4.443347E-01   
-1.027498E-01   -4.443235E-01   
-1.018926E-01   -4.443101E-01   
-1.010360E-01   -4.442946E-01   
-1.001800E-01   -4.442768E-01   
-9.932478E-02   -4.442569E-01   
-9.847019E-02   -4.442349E-01   
-9.761629E-02   -4.442106E-01   
-9.676307E-02   -4.441842E-01   
-9.591055E-02   -4.441557E-01   
-9.505873E-02   -4.441250E-01   
-9.420761E-02   -4.440921E-01   
-9.335721E-02   -4.440571E-01   
-9.250753E-02   -4.440199E-01   
-9.165857E-02   -4.439806E-01   
-9.081034E-02   -4.439392E-01   
-8.996286E-02   -4.438956E-01   
-8.911611E-02   -4.438499E-01   
-8.827012E-02   -4.438020E-01   
-8.742489E-02   -4.437521E-01   
-8.658042E-02   -4.437000E-01   
-8.573671E-02   -4.436457E-01   
-8.489379E-02   -4.435894E-01   
-8.405164E-02   -4.435309E-01   
-8.321028E-02   -4.434704E-01   
-8.236972E-02   -4.434077E-01   
-8.152996E-02   -4.433429E-01   
-8.069100E-02   -4.432761E-01   
-7.985285E-02   -4.432071E-01   
-7.901552E-02   -4.431360E-01   
-7.817902E-02   -4.430629E-01   
-7.734335E-02   -4.429876E-01   
-7.650851E-02   -4.429103E-01   
-7.567451E-02   -4.428309E-01   
-7.484136E-02   -4.427494E-01   
-7.400907E-02   -4.426659E-01   
-7.317764E-02   -4.425803E-01   
-7.234707E-02   -4.424926E-01   
-7.151737E-02   -4.424028E-01   
-7.068855E-02   -4.423110E-01   
-6.986062E-02   -4.422171E-01   
-6.903357E-02   -4.421212E-01   
-6.820742E-02   -4.420233E-01   
-6.738217E-02   -4.419233E-01   
-6.655783E-02   -4.418212E-01   
-6.573439E-02   -4.417171E-01   
-6.491188E-02   -4.416110E-01   
-6.409029E-02   -4.415029E-01   
-6.326963E-02   -4.413927E-01   
-6.244991E-02   -4.412805E-01   
-6.163113E-02   -4.411663E-01   
-6.081329E-02   -4.410501E-01   
-5.999641E-02   -4.409319E-01   
-5.918048E-02   -4.408116E-01   
-5.836552E-02   -4.406894E-01   
-5.755153E-02   -4.405651E-01   
-5.673851E-02   -4.404389E-01   
-5.592648E-02   -4.403107E-01   
-5.511543E-02   -4.401805E-01   
-5.430537E-02   -4.400483E-01   
-5.349631E-02   -4.399141E-01   
-5.268825E-02   -4.397780E-01   
-5.188120E-02   -4.396398E-01   
-5.107516E-02   -4.394998E-01   
-5.027015E-02   -4.393577E-01   
-4.946616E-02   -4.392137E-01   
-4.866319E-02   -4.390678E-01   
-4.786127E-02   -4.389198E-01   
-4.706038E-02   -4.387700E-01   
-4.626054E-02   -4.386182E-01   
-4.546175E-02   -4.384644E-01   
-4.466402E-02   -4.383088E-01   
-4.386735E-02   -4.381512E-01   
-4.307175E-02   -4.379916E-01   
-4.227722E-02   -4.378302E-01   
-4.148377E-02   -4.376668E-01   
-4.069140E-02   -4.375015E-01   
-3.990012E-02   -4.373343E-01   
-3.910993E-02   -4.371653E-01   
-3.832085E-02   -4.369943E-01   
-3.753287E-02   -4.368214E-01   
-3.674599E-02   -4.366466E-01   
-3.596023E-02   -4.364699E-01   
-3.517559E-02   -4.362913E-01   
-3.439208E-02   -4.361109E-01   
-3.360969E-02   -4.359286E-01   
-3.282844E-02   -4.357444E-01   
-3.204833E-02   -4.355584E-01   
-3.126937E-02   -4.353704E-01   
-3.049155E-02   -4.351807E-01   
-2.971489E-02   -4.349891E-01   
-2.893939E-02   -4.347956E-01   
-2.816505E-02   -4.346003E-01   
-2.739188E-02   -4.344031E-01   
-2.661989E-02   -4.342041E-01   
-2.584908E-02   -4.340033E-01   
-2.507945E-02   -4.338006E-01   
-2.431101E-02   -4.335962E-01   
-2.354376E-02   -4.333899E-01   
-2.277772E-02   -4.331818E-01   
-2.201288E-02   -4.329719E-01   
-2.124924E-02   -4.327601E-01   
-2.048682E-02   -4.325466E-01   
-1.972562E-02   -4.323313E-01   
-1.896564E-02   -4.321142E-01   
-1.820688E-02   -4.318953E-01   
-1.744936E-02   -4.316746E-01   
-1.669308E-02   -4.314522E-01   
-1.593803E-02   -4.312280E-01   
-1.518424E-02   -4.310020E-01   
-1.443169E-02   -4.307742E-01   
-1.368040E-02   -4.305447E-01   
-1.293037E-02   -4.303135E-01   
-1.218160E-02   -4.300804E-01   
-1.143410E-02   -4.298457E-01   
-1.068788E-02   -4.296092E-01   
-9.942930E-03   -4.293710E-01   
-9.199266E-03   -4.291310E-01   
-8.456888E-03   -4.288893E-01   
-7.715801E-03   -4.286459E-01   
-6.976010E-03   -4.284008E-01   
-6.237520E-03   -4.281539E-01   
-5.500333E-03   -4.279054E-01   
-4.764456E-03   -4.276551E-01   
-4.029891E-03   -4.274032E-01   
-3.296644E-03   -4.271495E-01   
-2.564719E-03   -4.268942E-01   
-1.834120E-03   -4.266372E-01   
-1.104851E-03   -4.263785E-01   
-3.769170E-04   -4.261181E-01   
 3.496786E-04   -4.258561E-01   
 1.074931E-03   -4.255924E-01   
 1.798837E-03   -4.253271E-01   
 2.521391E-03   -4.250601E-01   
 3.242589E-03   -4.247914E-01   
 3.962428E-03   -4.245211E-01   
 4.680904E-03   -4.242492E-01   
 5.398012E-03   -4.239756E-01   
 6.113747E-03   -4.237004E-01   
 6.828107E-03   -4.234236E-01   
 7.541088E-03   -4.231451E-01   
 8.252684E-03   -4.228650E-01   
 8.962892E-03   -4.225834E-01   
 9.671709E-03   -4.223001E-01   
 1.037913E-02   -4.220152E-01   
 1.108515E-02   -4.217287E-01   
 1.178977E-02   -4.214407E-01   
 1.249298E-02   -4.211510E-01   
 1.319478E-02   -4.208598E-01   
 1.389516E-02   -4.205670E-01   
 1.459412E-02   -4.202726E-01   
 1.529167E-02   -4.199767E-01   
 1.598778E-02   -4.196792E-01   
 1.668247E-02   -4.193801E-01   
 1.737572E-02   -4.190795E-01   
 1.806753E-02   -4.187774E-01   
 1.875790E-02   -4.184737E-01   
 1.944683E-02   -4.181684E-01   
 2.013430E-02   -4.178617E-01   
 2.082033E-02   -4.175534E-01   
 2.150490E-02   -4.172436E-01   
 2.218800E-02   -4.169323E-01   
 2.286965E-02   -4.166195E-01   
 2.354983E-02   -4.163051E-01   
 2.422854E-02   -4.159893E-01   
 2.490577E-02   -4.156720E-01   
 2.558153E-02   -4.153532E-01   
 2.625580E-02   -4.150329E-01   
 2.692859E-02   -4.147111E-01   
 2.759990E-02   -4.143879E-01   
 2.826971E-02   -4.140631E-01   
 2.893803E-02   -4.137370E-01   
 2.960485E-02   -4.134093E-01   
 3.027016E-02   -4.130802E-01   
 3.093398E-02   -4.127497E-01   
 3.159628E-02   -4.124177E-01   
 3.225708E-02   -4.120843E-01   
 3.291635E-02   -4.117494E-01   
 3.357412E-02   -4.114132E-01   
 3.423036E-02   -4.110754E-01   
 3.488507E-02   -4.107363E-01   
 3.553826E-02   -4.103958E-01   
 3.618992E-02   -4.100539E-01   
 3.684004E-02   -4.097105E-01   
 3.748863E-02   -4.093658E-01   
 3.813567E-02   -4.090197E-01   
 3.878118E-02   -4.086721E-01   
 3.942513E-02   -4.083232E-01   
 4.006754E-02   -4.079730E-01   
 4.070840E-02   -4.076213E-01   
 4.134770E-02   -4.072683E-01   
 4.198544E-02   -4.069140E-01   
 4.262162E-02   -4.065583E-01   
 4.325623E-02   -4.062012E-01   
 4.388928E-02   -4.058428E-01   
 4.452076E-02   -4.054830E-01   
 4.515067E-02   -4.051220E-01   
 4.577899E-02   -4.047595E-01   
 4.640574E-02   -4.043958E-01   
 4.703091E-02   -4.040308E-01   
 4.765450E-02   -4.036644E-01   
 4.827649E-02   -4.032967E-01   
 4.889690E-02   -4.029278E-01   
 4.951572E-02   -4.025575E-01   
 5.013293E-02   -4.021859E-01   
 5.074855E-02   -4.018131E-01   
 5.136257E-02   -4.014390E-01   
 5.197499E-02   -4.010636E-01   
 5.258580E-02   -4.006869E-01   
 5.319500E-02   -4.003090E-01   
 5.380259E-02   -3.999298E-01   
 5.440856E-02   -3.995493E-01   
 5.501292E-02   -3.991676E-01   
 5.561566E-02   -3.987847E-01   
 5.621678E-02   -3.984005E-01   
 5.681627E-02   -3.980151E-01   
 5.741414E-02   -3.976285E-01   
 5.801038E-02   -3.972406E-01   
 5.860498E-02   -3.968516E-01   
 5.919796E-02   -3.964613E-01   
 5.978929E-02   -3.960698E-01   
 6.037899E-02   -3.956771E-01   
 6.096704E-02   -3.952832E-01   
 6.155345E-02   -3.948881E-01   
 6.213822E-02   -3.944919E-01   
 6.272134E-02   -3.940944E-01   
 6.330281E-02   -3.936958E-01   
 6.388262E-02   -3.932960E-01   
 6.446078E-02   -3.928951E-01   
 6.503728E-02   -3.924930E-01   
 6.561212E-02   -3.920897E-01   
 6.618530E-02   -3.916853E-01   
 6.675682E-02   -3.912798E-01   
 6.732667E-02   -3.908731E-01   
 6.789486E-02   -3.904653E-01   
 6.846137E-02   -3.900564E-01   
 6.902621E-02   -3.896463E-01   
 6.958937E-02   -3.892351E-01   
 7.015086E-02   -3.888228E-01   
 7.071068E-02   -3.884095E-01   
 7.126881E-02   -3.879950E-01   
 7.182525E-02   -3.875794E-01   
 7.238002E-02   -3.871627E-01   
 7.293310E-02   -3.867450E-01   
 7.348448E-02   -3.863262E-01   
 7.403418E-02   -3.859063E-01   
 7.458219E-02   -3.854853E-01   
 7.512850E-02   -3.850633E-01   
 7.567312E-02   -3.846402E-01   
 7.621604E-02   -3.842160E-01   
 7.675726E-02   -3.837909E-01   
 7.729678E-02   -3.833646E-01   
 7.783459E-02   -3.829374E-01   
 7.837070E-02   -3.825091E-01   
 7.890511E-02   -3.820798E-01   
 7.943780E-02   -3.816495E-01   
 7.996879E-02   -3.812181E-01   
 8.049806E-02   -3.807858E-01   
 8.102563E-02   -3.803524E-01   
 8.155147E-02   -3.799181E-01   
 8.207560E-02   -3.794828E-01   
 8.259801E-02   -3.790464E-01   
 8.311870E-02   -3.786091E-01   
 8.363768E-02   -3.781709E-01   
 8.415492E-02   -3.777316E-01   
 8.467045E-02   -3.772914E-01   
 8.518424E-02   -3.768502E-01   
 8.569631E-02   -3.764081E-01   
 8.620666E-02   -3.759650E-01   
 8.671527E-02   -3.755210E-01   
 8.722215E-02   -3.750760E-01   
 8.772729E-02   -3.746301E-01   
 8.823070E-02   -3.741833E-01   
 8.873238E-02   -3.737356E-01   
 8.923232E-02   -3.732869E-01   
 8.973052E-02   -3.728373E-01   
 9.022698E-02   -3.723868E-01   
 9.072170E-02   -3.719355E-01   
 9.121468E-02   -3.714832E-01   
 9.170591E-02   -3.710300E-01   
 9.219540E-02   -3.705760E-01   
 9.268314E-02   -3.701210E-01   
 9.316914E-02   -3.696652E-01   
 9.365338E-02   -3.692085E-01   
 9.413588E-02   -3.687510E-01   
 9.461663E-02   -3.682926E-01   
 9.509562E-02   -3.678334E-01   
 9.557286E-02   -3.673733E-01   
 9.604835E-02   -3.669123E-01   
 9.652208E-02   -3.664505E-01   
 9.699406E-02   -3.659879E-01   
 9.746428E-02   -3.655245E-01   
 9.793274E-02   -3.650602E-01   
 9.839944E-02   -3.645951E-01   
 9.886438E-02   -3.641292E-01   
 9.932756E-02   -3.636626E-01   
 9.978898E-02   -3.631951E-01   
 1.002486E-01   -3.627268E-01   
 1.007065E-01   -3.622577E-01   
 1.011627E-01   -3.617878E-01   
 1.016170E-01   -3.613172E-01   
 1.020696E-01   -3.608457E-01   
 1.025204E-01   -3.603736E-01   
 1.029695E-01   -3.599006E-01   
 1.034168E-01   -3.594269E-01   
 1.038623E-01   -3.589524E-01   
 1.043061E-01   -3.584772E-01   
 1.047480E-01   -3.580013E-01   
 1.051882E-01   -3.575246E-01   
 1.056267E-01   -3.570471E-01   
 1.060633E-01   -3.565690E-01   
 1.064982E-01   -3.560901E-01   
 1.069313E-01   -3.556105E-01   
 1.073627E-01   -3.551302E-01   
 1.077922E-01   -3.546492E-01   
 1.082200E-01   -3.541675E-01   
 1.086460E-01   -3.536850E-01   
 1.090703E-01   -3.532019E-01   
 1.094927E-01   -3.527182E-01   
 1.099134E-01   -3.522337E-01   
 1.103323E-01   -3.517485E-01   
 1.107494E-01   -3.512627E-01   
 1.111647E-01   -3.507762E-01   
 1.115783E-01   -3.502891E-01   
 1.119901E-01   -3.498013E-01   
 1.124001E-01   -3.493128E-01   
 1.128083E-01   -3.488237E-01   
 1.132147E-01   -3.483340E-01   
 1.136193E-01   -3.478436E-01   
 1.140222E-01   -3.473526E-01   
 1.144233E-01   -3.468610E-01   
 1.148226E-01   -3.463688E-01   
 1.152201E-01   -3.458759E-01   
 1.156158E-01   -3.453825E-01   
 1.160098E-01   -3.448884E-01   
 1.164019E-01   -3.443937E-01   
 1.167923E-01   -3.438984E-01   
 1.171809E-01   -3.434026E-01   
 1.175677E-01   -3.429062E-01   
 1.179527E-01   -3.424091E-01   
 1.183360E-01   -3.419115E-01   
 1.187174E-01   -3.414134E-01   
 1.190971E-01   -3.409147E-01   
 1.194749E-01   -3.404154E-01   
 1.198510E-01   -3.399155E-01   
 1.202253E-01   -3.394151E-01   
 1.205979E-01   -3.389142E-01   
 1.209686E-01   -3.384127E-01   
 1.213375E-01   -3.379107E-01   
 1.217047E-01   -3.374082E-01   
 1.220701E-01   -3.369051E-01   
 1.224337E-01   -3.364016E-01   
 1.227955E-01   -3.358975E-01   
 1.231555E-01   -3.353929E-01   
 1.235137E-01   -3.348878E-01   
 1.238701E-01   -3.343822E-01   
 1.242248E-01   -3.338761E-01   
 1.245777E-01   -3.333695E-01   
 1.249288E-01   -3.328624E-01   
 1.252781E-01   -3.323548E-01   
 1.256256E-01   -3.318468E-01   
 1.259713E-01   -3.313383E-01   
 1.263152E-01   -3.308293E-01   
 1.266574E-01   -3.303199E-01   
 1.269978E-01   -3.298100E-01   
 1.273364E-01   -3.292997E-01   
 1.276732E-01   -3.287889E-01   
 1.280082E-01   -3.282777E-01   
 1.283414E-01   -3.277660E-01   
 1.286729E-01   -3.272540E-01   
 1.290026E-01   -3.267414E-01   
 1.293305E-01   -3.262285E-01   
 1.296566E-01   -3.257152E-01   
 1.299809E-01   -3.252014E-01   
 1.303035E-01   -3.246872E-01   
 1.306242E-01   -3.241726E-01   
 1.309432E-01   -3.236577E-01   
 1.312604E-01   -3.231423E-01   
 1.315759E-01   -3.226265E-01   
 1.318895E-01   -3.221104E-01   
 1.322014E-01   -3.215939E-01   
 1.325115E-01   -3.210770E-01   
 1.328198E-01   -3.205597E-01   
 1.331263E-01   -3.200421E-01   
 1.334311E-01   -3.195241E-01   
 1.337341E-01   -3.190058E-01   
 1.340353E-01   -3.184871E-01   
 1.343347E-01   -3.179680E-01   
 1.346324E-01   -3.174486E-01   
 1.349283E-01   -3.169289E-01   
 1.352224E-01   -3.164089E-01   
 1.355147E-01   -3.158885E-01   
 1.358053E-01   -3.153678E-01   
 1.360941E-01   -3.148468E-01   
 1.363811E-01   -3.143254E-01   
 1.366664E-01   -3.138038E-01   
 1.369499E-01   -3.132818E-01   
 1.372316E-01   -3.127596E-01   
 1.375115E-01   -3.122370E-01   
 1.377897E-01   -3.117142E-01   
 1.380661E-01   -3.111911E-01   
 1.383408E-01   -3.106677E-01   
 1.386137E-01   -3.101440E-01   
 1.388848E-01   -3.096200E-01   
 1.391542E-01   -3.090958E-01   
 1.394218E-01   -3.085713E-01   
 1.396876E-01   -3.080465E-01   
 1.399517E-01   -3.075215E-01   
 1.402140E-01   -3.069963E-01   
 1.404746E-01   -3.064708E-01   
 1.407334E-01   -3.059450E-01   
 1.409905E-01   -3.054191E-01   
 1.412458E-01   -3.048928E-01   
 1.414993E-01   -3.043664E-01   
 1.417511E-01   -3.038397E-01   
 1.420011E-01   -3.033128E-01   
 1.422494E-01   -3.027857E-01   
 1.424959E-01   -3.022584E-01   
 1.427407E-01   -3.017309E-01   
 1.429838E-01   -3.012032E-01   
 1.432251E-01   -3.006753E-01   
 1.434646E-01   -3.001472E-01   
 1.437024E-01   -2.996188E-01   
 1.439384E-01   -2.990904E-01   
 1.441728E-01   -2.985617E-01   
 1.444053E-01   -2.980328E-01   
 1.446361E-01   -2.975038E-01   
 1.448652E-01   -2.969746E-01   
 1.450926E-01   -2.964453E-01   
 1.453182E-01   -2.959158E-01   
 1.455421E-01   -2.953861E-01   
 1.457642E-01   -2.948563E-01   
 1.459846E-01   -2.943263E-01   
 1.462033E-01   -2.937962E-01   
 1.464202E-01   -2.932660E-01   
 1.466354E-01   -2.927356E-01   
 1.468489E-01   -2.922051E-01   
 1.470606E-01   -2.916745E-01   
 1.472707E-01   -2.911437E-01   
 1.474790E-01   -2.906128E-01   
 1.476855E-01   -2.900818E-01   
 1.478904E-01   -2.895507E-01   
 1.480935E-01   -2.890195E-01   
 1.482949E-01   -2.884882E-01   
 1.484946E-01   -2.879568E-01   
 1.486926E-01   -2.874253E-01   
 1.488889E-01   -2.868938E-01   
 1.490834E-01   -2.863621E-01   
 1.492763E-01   -2.858303E-01   
 1.494674E-01   -2.852985E-01   
 1.496568E-01   -2.847666E-01   
 1.498445E-01   -2.842347E-01   
 1.500305E-01   -2.837026E-01   
 1.502148E-01   -2.831705E-01   
 1.503974E-01   -2.826384E-01   
 1.505782E-01   -2.821062E-01   
 1.507574E-01   -2.815739E-01   
 1.509349E-01   -2.810416E-01   
 1.511107E-01   -2.805093E-01   
 1.512848E-01   -2.799769E-01   
 1.514571E-01   -2.794445E-01   
 1.516278E-01   -2.789120E-01   
 1.517968E-01   -2.783796E-01   
 1.519642E-01   -2.778471E-01   
 1.521298E-01   -2.773146E-01   
 1.522937E-01   -2.767821E-01   
 1.524560E-01   -2.762495E-01   
 1.526165E-01   -2.757170E-01   
 1.527754E-01   -2.751844E-01   
 1.529326E-01   -2.746519E-01   
 1.530881E-01   -2.741194E-01   
 1.532420E-01   -2.735868E-01   
 1.533941E-01   -2.730543E-01   
 1.535446E-01   -2.725218E-01   
 1.536934E-01   -2.719893E-01   
 1.538406E-01   -2.714569E-01   
 1.539861E-01   -2.709245E-01   
 1.541299E-01   -2.703921E-01   
 1.542720E-01   -2.698597E-01   
 1.544125E-01   -2.693274E-01   
 1.545513E-01   -2.687951E-01   
 1.546885E-01   -2.682628E-01   
 1.548240E-01   -2.677306E-01   
 1.549578E-01   -2.671985E-01   
 1.550900E-01   -2.666664E-01   
 1.552205E-01   -2.661344E-01   
 1.553494E-01   -2.656024E-01   
 1.554766E-01   -2.650706E-01   
 1.556022E-01   -2.645387E-01   
 1.557261E-01   -2.640070E-01   
 1.558484E-01   -2.634753E-01   
 1.559691E-01   -2.629437E-01   
 1.560881E-01   -2.624122E-01   
 1.562055E-01   -2.618808E-01   
 1.563212E-01   -2.613495E-01   
 1.564353E-01   -2.608182E-01   
 1.565477E-01   -2.602871E-01   
 1.566586E-01   -2.597561E-01   
 1.567678E-01   -2.592252E-01   
 1.568753E-01   -2.586943E-01   
 1.569813E-01   -2.581636E-01   
 1.570856E-01   -2.576330E-01   
 1.571883E-01   -2.571026E-01   
 1.572894E-01   -2.565722E-01   
 1.573889E-01   -2.560420E-01   
 1.574867E-01   -2.555119E-01   
 1.575829E-01   -2.549820E-01   
 1.576776E-01   -2.544521E-01   
 1.577706E-01   -2.539224E-01   
 1.578620E-01   -2.533929E-01   
 1.579518E-01   -2.528635E-01   
 1.580400E-01   -2.523342E-01   
 1.581266E-01   -2.518051E-01   
 1.582116E-01   -2.512762E-01   
 1.582950E-01   -2.507474E-01   
 1.583768E-01   -2.502188E-01   
 1.584570E-01   -2.496903E-01   
 1.585356E-01   -2.491620E-01   
 1.586126E-01   -2.486339E-01   
 1.586880E-01   -2.481060E-01   
 1.587619E-01   -2.475782E-01   
 1.588342E-01   -2.470506E-01   
 1.589049E-01   -2.465232E-01   
 1.589740E-01   -2.459960E-01   
 1.590415E-01   -2.454690E-01   
 1.591075E-01   -2.449421E-01   
 1.591719E-01   -2.444155E-01   
 1.592347E-01   -2.438890E-01   
 1.592959E-01   -2.433628E-01   
 1.593556E-01   -2.428368E-01   
 1.594137E-01   -2.423109E-01   
 1.594703E-01   -2.417853E-01   
 1.595253E-01   -2.412599E-01   
 1.595787E-01   -2.407347E-01   
 1.596306E-01   -2.402098E-01   
 1.596810E-01   -2.396850E-01   
 1.597297E-01   -2.391605E-01   
 1.597770E-01   -2.386362E-01   
 1.598227E-01   -2.381122E-01   
 1.598668E-01   -2.375884E-01   
 1.599094E-01   -2.370648E-01   
 1.599505E-01   -2.365414E-01   
 1.599900E-01   -2.360183E-01   
 1.600280E-01   -2.354955E-01   
 1.600645E-01   -2.349729E-01   
 1.600994E-01   -2.344505E-01   
 1.601328E-01   -2.339284E-01   
 1.601647E-01   -2.334066E-01   
 1.601951E-01   -2.328850E-01   
 1.602239E-01   -2.323637E-01   
 1.602512E-01   -2.318426E-01   
 1.602770E-01   -2.313219E-01   
 1.603013E-01   -2.308013E-01   
 1.603241E-01   -2.302811E-01   
 1.603454E-01   -2.297611E-01   
 1.603652E-01   -2.292415E-01   
 1.603834E-01   -2.287221E-01   
 1.604002E-01   -2.282029E-01   
 1.604154E-01   -2.276841E-01   
 1.604292E-01   -2.271656E-01   
 1.604415E-01   -2.266473E-01   
 1.604522E-01   -2.261294E-01   
 1.604615E-01   -2.256117E-01   
 1.604693E-01   -2.250943E-01   
 1.604756E-01   -2.245773E-01   
 1.604805E-01   -2.240605E-01   
 1.604838E-01   -2.235441E-01   
 1.604857E-01   -2.230280E-01   
 1.604861E-01   -2.225121E-01   
 1.604850E-01   -2.219966E-01   
 1.604825E-01   -2.214815E-01   
 1.604784E-01   -2.209666E-01   
 1.604730E-01   -2.204520E-01   
 1.604660E-01   -2.199378E-01   
 1.604576E-01   -2.194239E-01   
 1.604478E-01   -2.189104E-01   
 1.604364E-01   -2.183971E-01   
 1.604237E-01   -2.178843E-01   
 1.604094E-01   -2.173717E-01   
