-2.849203E-04    3.445588E-01   
-7.214511E-04    3.443137E-01   
-1.157555E-03    3.440679E-01   
-1.593231E-03    3.438213E-01   
-2.028476E-03    3.435740E-01   
-2.463287E-03    3.433260E-01   
-2.897663E-03    3.430772E-01   
-3.331601E-03    3.428277E-01   
-3.765099E-03    3.425775E-01   
-4.198156E-03    3.423265E-01   
-4.630768E-03    3.420748E-01   
-5.062933E-03    3.418224E-01   
-5.494650E-03    3.415692E-01   
-5.925916E-03    3.413154E-01   
-6.356728E-03    3.410608E-01   
-6.787086E-03    3.408054E-01   
-7.216986E-03    3.405494E-01   
-7.646426E-03    3.402926E-01   
-8.075404E-03    3.400351E-01   
-8.503919E-03    3.397769E-01   
-8.931967E-03    3.395180E-01   
-9.359547E-03    3.392584E-01   
-9.786657E-03    3.389980E-01   
-1.021329E-02    3.387370E-01   
-1.063946E-02    3.384752E-01   
-1.106514E-02    3.382127E-01   
-1.149035E-02    3.379495E-01   
-1.191507E-02    3.376856E-01   
-1.233932E-02    3.374210E-01   
-1.276307E-02    3.371557E-01   
-1.318634E-02    3.368896E-01   
-1.360912E-02    3.366229E-01   
-1.403141E-02    3.363555E-01   
-1.445320E-02    3.360874E-01   
-1.487450E-02    3.358185E-01   
-1.529530E-02    3.355490E-01   
-1.571560E-02    3.352788E-01   
-1.613540E-02    3.350079E-01   
-1.655469E-02    3.347362E-01   
-1.697348E-02    3.344639E-01   
-1.739176E-02    3.341909E-01   
-1.780953E-02    3.339173E-01   
-1.822679E-02    3.336429E-01   
-1.864353E-02    3.333678E-01   
-1.905975E-02    3.330921E-01   
-1.947546E-02    3.328157E-01   
-1.989065E-02    3.325385E-01   
-2.030531E-02    3.322608E-01   
-2.071945E-02    3.319823E-01   
-2.113306E-02    3.317031E-01   
-2.154615E-02    3.314233E-01   
-2.195870E-02    3.311428E-01   
-2.237072E-02    3.308616E-01   
-2.278221E-02    3.305798E-01   
-2.319316E-02    3.302972E-01   
-2.360357E-02    3.300140E-01   
-2.401344E-02    3.297302E-01   
-2.442277E-02    3.294457E-01   
-2.483155E-02    3.291605E-01   
-2.523979E-02    3.288746E-01   
-2.564748E-02    3.285881E-01   
-2.605462E-02    3.283009E-01   
-2.646121E-02    3.280131E-01   
-2.686724E-02    3.277246E-01   
-2.727272E-02    3.274354E-01   
-2.767764E-02    3.271456E-01   
-2.808199E-02    3.268552E-01   
-2.848579E-02    3.265640E-01   
-2.888902E-02    3.262723E-01   
-2.929169E-02    3.259799E-01   
-2.969379E-02    3.256868E-01   
-3.009532E-02    3.253931E-01   
-3.049628E-02    3.250988E-01   
-3.089667E-02    3.248038E-01   
-3.129648E-02    3.245082E-01   
-3.169571E-02    3.242119E-01   
-3.209437E-02    3.239150E-01   
-3.249245E-02    3.236174E-01   
-3.288994E-02    3.233193E-01   
-3.328685E-02    3.230204E-01   
-3.368317E-02    3.227210E-01   
-3.407890E-02    3.224209E-01   
-3.447405E-02    3.221202E-01   
-3.486860E-02    3.218189E-01   
-3.526256E-02    3.215170E-01   
-3.565593E-02    3.212144E-01   
-3.604870E-02    3.209112E-01   
-3.644087E-02    3.206074E-01   
-3.683244E-02    3.203030E-01   
-3.722340E-02    3.199979E-01   
-3.761377E-02    3.196923E-01   
-3.800352E-02    3.193860E-01   
-3.839267E-02    3.190791E-01   
-3.878121E-02    3.187716E-01   
-3.916914E-02    3.184635E-01   
-3.955646E-02    3.181548E-01   
-3.994316E-02    3.178455E-01   
-4.032925E-02    3.175356E-01   
-4.071472E-02    3.172251E-01   
-4.109957E-02    3.169139E-01   
-4.148379E-02    3.166022E-01   
-4.186740E-02    3.162899E-01   
-4.225038E-02    3.159770E-01   
-4.263273E-02    3.156635E-01   
-4.301446E-02    3.153495E-01   
-4.339555E-02    3.150348E-01   
-4.377602E-02    3.147195E-01   
-4.415585E-02    3.144037E-01   
-4.453505E-02    3.140872E-01   
-4.491361E-02    3.137702E-01   
-4.529153E-02    3.134527E-01   
-4.566881E-02    3.131345E-01   
-4.604546E-02    3.128157E-01   
-4.642146E-02    3.124964E-01   
-4.679681E-02    3.121765E-01   
-4.717152E-02    3.118561E-01   
-4.754558E-02    3.115350E-01   
-4.791899E-02    3.112134E-01   
-4.829176E-02    3.108913E-01   
-4.866387E-02    3.105686E-01   
-4.903532E-02    3.102453E-01   
-4.940612E-02    3.099214E-01   
-4.977626E-02    3.095970E-01   
-5.014575E-02    3.092721E-01   
-5.051457E-02    3.089465E-01   
-5.088273E-02    3.086205E-01   
-5.125023E-02    3.082939E-01   
-5.161707E-02    3.079667E-01   
-5.198324E-02    3.076390E-01   
-5.234874E-02    3.073107E-01   
-5.271357E-02    3.069819E-01   
-5.307773E-02    3.066526E-01   
-5.344122E-02    3.063227E-01   
-5.380404E-02    3.059923E-01   
-5.416618E-02    3.056613E-01   
-5.452764E-02    3.053298E-01   
-5.488843E-02    3.049978E-01   
-5.524854E-02    3.046653E-01   
-5.560796E-02    3.043322E-01   
-5.596671E-02    3.039986E-01   
-5.632477E-02    3.036645E-01   
-5.668214E-02    3.033298E-01   
-5.703883E-02    3.029947E-01   
-5.739483E-02    3.026590E-01   
-5.775014E-02    3.023228E-01   
-5.810476E-02    3.019861E-01   
-5.845869E-02    3.016488E-01   
-5.881192E-02    3.013111E-01   
-5.916446E-02    3.009729E-01   
-5.951631E-02    3.006341E-01   
-5.986745E-02    3.002948E-01   
-6.021790E-02    2.999551E-01   
-6.056765E-02    2.996148E-01   
-6.091669E-02    2.992741E-01   
-6.126503E-02    2.989328E-01   
-6.161267E-02    2.985911E-01   
-6.195961E-02    2.982488E-01   
-6.230583E-02    2.979061E-01   
-6.265135E-02    2.975629E-01   
-6.299616E-02    2.972192E-01   
-6.334026E-02    2.968750E-01   
-6.368364E-02    2.965303E-01   
-6.402631E-02    2.961852E-01   
-6.436827E-02    2.958396E-01   
-6.470952E-02    2.954935E-01   
-6.505004E-02    2.951469E-01   
-6.538985E-02    2.947998E-01   
-6.572894E-02    2.944523E-01   
-6.606731E-02    2.941043E-01   
-6.640495E-02    2.937559E-01   
-6.674187E-02    2.934070E-01   
-6.707807E-02    2.930576E-01   
-6.741355E-02    2.927078E-01   
-6.774829E-02    2.923575E-01   
-6.808231E-02    2.920067E-01   
-6.841560E-02    2.916555E-01   
-6.874816E-02    2.913039E-01   
-6.907999E-02    2.909518E-01   
-6.941109E-02    2.905992E-01   
-6.974145E-02    2.902462E-01   
-7.007108E-02    2.898928E-01   
-7.039997E-02    2.895389E-01   
-7.072813E-02    2.891846E-01   
-7.105555E-02    2.888299E-01   
-7.138223E-02    2.884747E-01   
-7.170817E-02    2.881191E-01   
-7.203336E-02    2.877630E-01   
-7.235782E-02    2.874065E-01   
-7.268153E-02    2.870496E-01   
-7.300450E-02    2.866923E-01   
-7.332672E-02    2.863346E-01   
-7.364820E-02    2.859764E-01   
-7.396893E-02    2.856178E-01   
-7.428891E-02    2.852588E-01   
-7.460814E-02    2.848994E-01   
-7.492662E-02    2.845396E-01   
-7.524435E-02    2.841794E-01   
-7.556133E-02    2.838187E-01   
-7.587755E-02    2.834577E-01   
-7.619302E-02    2.830963E-01   
-7.650774E-02    2.827344E-01   
-7.682169E-02    2.823722E-01   
-7.713489E-02    2.820096E-01   
-7.744733E-02    2.816465E-01   
-7.775902E-02    2.812831E-01   
-7.806994E-02    2.809193E-01   
-7.838010E-02    2.805551E-01   
-7.868950E-02    2.801905E-01   
-7.899814E-02    2.798256E-01   
-7.930601E-02    2.794602E-01   
-7.961312E-02    2.790945E-01   
-7.991946E-02    2.787284E-01   
-8.022504E-02    2.783620E-01   
-8.052985E-02    2.779951E-01   
-8.083389E-02    2.776279E-01   
-8.113716E-02    2.772604E-01   
-8.143967E-02    2.768924E-01   
-8.174140E-02    2.765241E-01   
-8.204236E-02    2.761555E-01   
-8.234255E-02    2.757865E-01   
-8.264197E-02    2.754171E-01   
-8.294061E-02    2.750474E-01   
-8.323848E-02    2.746773E-01   
-8.353557E-02    2.743069E-01   
-8.383188E-02    2.739361E-01   
-8.412742E-02    2.735650E-01   
-8.442219E-02    2.731935E-01   
-8.471617E-02    2.728217E-01   
-8.500937E-02    2.724496E-01   
-8.530180E-02    2.720771E-01   
-8.559344E-02    2.717043E-01   
-8.588431E-02    2.713312E-01   
-8.617439E-02    2.709577E-01   
-8.646369E-02    2.705839E-01   
-8.675220E-02    2.702098E-01   
-8.703993E-02    2.698354E-01   
-8.732688E-02    2.694606E-01   
-8.761304E-02    2.690856E-01   
-8.789842E-02    2.687102E-01   
-8.818300E-02    2.683345E-01   
-8.846681E-02    2.679585E-01   
-8.874982E-02    2.675822E-01   
-8.903205E-02    2.672056E-01   
-8.931348E-02    2.668287E-01   
-8.959413E-02    2.664514E-01   
-8.987398E-02    2.660739E-01   
-9.015305E-02    2.656961E-01   
-9.043132E-02    2.653180E-01   
-9.070881E-02    2.649396E-01   
-9.098549E-02    2.645609E-01   
-9.126139E-02    2.641819E-01   
-9.153649E-02    2.638027E-01   
-9.181080E-02    2.634231E-01   
-9.208432E-02    2.630433E-01   
-9.235703E-02    2.626632E-01   
-9.262896E-02    2.622828E-01   
-9.290008E-02    2.619022E-01   
-9.317041E-02    2.615212E-01   
-9.343995E-02    2.611401E-01   
-9.370868E-02    2.607586E-01   
-9.397662E-02    2.603769E-01   
-9.424376E-02    2.599949E-01   
-9.451010E-02    2.596127E-01   
-9.477564E-02    2.592302E-01   
-9.504038E-02    2.588474E-01   
-9.530432E-02    2.584644E-01   
-9.556746E-02    2.580812E-01   
-9.582980E-02    2.576977E-01   
-9.609133E-02    2.573140E-01   
-9.635207E-02    2.569300E-01   
-9.661200E-02    2.565458E-01   
-9.687113E-02    2.561613E-01   
-9.712946E-02    2.557766E-01   
-9.738698E-02    2.553917E-01   
-9.764370E-02    2.550065E-01   
-9.789962E-02    2.546211E-01   
-9.815473E-02    2.542355E-01   
-9.840904E-02    2.538497E-01   
-9.866254E-02    2.534637E-01   
-9.891524E-02    2.530774E-01   
-9.916713E-02    2.526909E-01   
-9.941822E-02    2.523042E-01   
-9.966850E-02    2.519173E-01   
-9.991797E-02    2.515302E-01   
-1.001666E-01    2.511428E-01   
-1.004145E-01    2.507553E-01   
-1.006616E-01    2.503676E-01   
-1.009078E-01    2.499796E-01   
-1.011532E-01    2.495915E-01   
-1.013979E-01    2.492032E-01   
-1.016417E-01    2.488147E-01   
-1.018847E-01    2.484260E-01   
-1.021269E-01    2.480371E-01   
-1.023683E-01    2.476480E-01   
-1.026089E-01    2.472588E-01   
-1.028487E-01    2.468693E-01   
-1.030877E-01    2.464797E-01   
-1.033258E-01    2.460899E-01   
-1.035632E-01    2.457000E-01   
-1.037997E-01    2.453098E-01   
-1.040355E-01    2.449195E-01   
-1.042704E-01    2.445291E-01   
-1.045045E-01    2.441384E-01   
-1.047378E-01    2.437477E-01   
-1.049703E-01    2.433567E-01   
-1.052020E-01    2.429656E-01   
-1.054329E-01    2.425744E-01   
-1.056630E-01    2.421830E-01   
-1.058922E-01    2.417914E-01   
-1.061207E-01    2.413997E-01   
-1.063483E-01    2.410079E-01   
-1.065751E-01    2.406159E-01   
-1.068012E-01    2.402238E-01   
-1.070264E-01    2.398315E-01   
-1.072508E-01    2.394391E-01   
-1.074744E-01    2.390466E-01   
-1.076971E-01    2.386540E-01   
-1.079191E-01    2.382612E-01   
-1.081403E-01    2.378683E-01   
-1.083606E-01    2.374753E-01   
-1.085802E-01    2.370822E-01   
-1.087989E-01    2.366889E-01   
-1.090168E-01    2.362955E-01   
-1.092340E-01    2.359021E-01   
-1.094503E-01    2.355085E-01   
-1.096658E-01    2.351148E-01   
-1.098805E-01    2.347210E-01   
-1.100943E-01    2.343271E-01   
-1.103074E-01    2.339331E-01   
-1.105197E-01    2.335390E-01   
-1.107311E-01    2.331449E-01   
-1.109418E-01    2.327506E-01   
-1.111516E-01    2.323562E-01   
-1.113607E-01    2.319618E-01   
-1.115689E-01    2.315673E-01   
-1.117763E-01    2.311726E-01   
-1.119829E-01    2.307780E-01   
-1.121887E-01    2.303832E-01   
-1.123937E-01    2.299884E-01   
-1.125979E-01    2.295934E-01   
-1.128013E-01    2.291985E-01   
-1.130039E-01    2.288034E-01   
-1.132057E-01    2.284083E-01   
-1.134067E-01    2.280132E-01   
-1.136068E-01    2.276179E-01   
-1.138062E-01    2.272227E-01   
-1.140048E-01    2.268273E-01   
-1.142025E-01    2.264319E-01   
-1.143995E-01    2.260365E-01   
-1.145956E-01    2.256410E-01   
-1.147910E-01    2.252455E-01   
-1.149855E-01    2.248500E-01   
-1.151793E-01    2.244544E-01   
-1.153722E-01    2.240587E-01   
-1.155644E-01    2.236631E-01   
-1.157557E-01    2.232674E-01   
-1.159463E-01    2.228716E-01   
-1.161360E-01    2.224759E-01   
-1.163250E-01    2.220801E-01   
-1.165131E-01    2.216843E-01   
-1.167005E-01    2.212885E-01   
-1.168871E-01    2.208927E-01   
-1.170728E-01    2.204969E-01   
-1.172578E-01    2.201010E-01   
-1.174420E-01    2.197052E-01   
-1.176253E-01    2.193093E-01   
-1.178079E-01    2.189135E-01   
-1.179897E-01    2.185176E-01   
-1.181707E-01    2.181218E-01   
-1.183509E-01    2.177259E-01   
-1.185303E-01    2.173301E-01   
-1.187089E-01    2.169342E-01   
-1.188867E-01    2.165384E-01   
-1.190638E-01    2.161426E-01   
-1.192400E-01    2.157469E-01   
-1.194155E-01    2.153511E-01   
-1.195901E-01    2.149554E-01   
-1.197640E-01    2.145597E-01   
-1.199371E-01    2.141640E-01   
-1.201094E-01    2.137684E-01   
-1.202809E-01    2.133727E-01   
-1.204517E-01    2.129772E-01   
-1.206216E-01    2.125816E-01   
-1.207908E-01    2.121862E-01   
-1.209592E-01    2.117907E-01   
-1.211268E-01    2.113953E-01   
-1.212936E-01    2.110000E-01   
-1.214596E-01    2.106047E-01   
-1.216249E-01    2.102095E-01   
-1.217894E-01    2.098143E-01   
-1.219531E-01    2.094192E-01   
-1.221160E-01    2.090241E-01   
-1.222782E-01    2.086292E-01   
-1.224396E-01    2.082343E-01   
-1.226002E-01    2.078394E-01   
-1.227600E-01    2.074447E-01   
-1.229191E-01    2.070500E-01   
-1.230773E-01    2.066554E-01   
-1.232349E-01    2.062608E-01   
-1.233916E-01    2.058664E-01   
-1.235476E-01    2.054721E-01   
-1.237028E-01    2.050778E-01   
-1.238572E-01    2.046836E-01   
-1.240109E-01    2.042896E-01   
-1.241638E-01    2.038956E-01   
-1.243160E-01    2.035018E-01   
-1.244674E-01    2.031080E-01   
-1.246180E-01    2.027143E-01   
-1.247678E-01    2.023208E-01   
-1.249170E-01    2.019274E-01   
-1.250653E-01    2.015341E-01   
-1.252129E-01    2.011409E-01   
-1.253597E-01    2.007478E-01   
-1.255058E-01    2.003549E-01   
-1.256511E-01    1.999621E-01   
-1.257957E-01    1.995694E-01   
-1.259395E-01    1.991768E-01   
-1.260826E-01    1.987844E-01   
-1.262249E-01    1.983921E-01   
-1.263665E-01    1.980000E-01   
-1.265073E-01    1.976080E-01   
-1.266474E-01    1.972162E-01   
-1.267867E-01    1.968245E-01   
-1.269253E-01    1.964329E-01   
-1.270632E-01    1.960415E-01   
-1.272003E-01    1.956503E-01   
-1.273367E-01    1.952593E-01   
-1.274723E-01    1.948684E-01   
-1.276072E-01    1.944776E-01   
-1.277414E-01    1.940871E-01   
-1.278748E-01    1.936967E-01   
-1.280075E-01    1.933065E-01   
-1.281395E-01    1.929164E-01   
-1.282707E-01    1.925266E-01   
-1.284012E-01    1.921369E-01   
-1.285310E-01    1.917475E-01   
-1.286601E-01    1.913582E-01   
-1.287884E-01    1.909691E-01   
-1.289160E-01    1.905802E-01   
-1.290429E-01    1.901915E-01   
-1.291691E-01    1.898030E-01   
-1.292946E-01    1.894147E-01   
-1.294193E-01    1.890267E-01   
-1.295434E-01    1.886388E-01   
-1.296667E-01    1.882512E-01   
-1.297893E-01    1.878637E-01   
-1.299112E-01    1.874765E-01   
-1.300324E-01    1.870896E-01   
-1.301529E-01    1.867028E-01   
-1.302727E-01    1.863163E-01   
-1.303918E-01    1.859300E-01   
-1.305101E-01    1.855440E-01   
-1.306278E-01    1.851581E-01   
-1.307448E-01    1.847726E-01   
-1.308611E-01    1.843873E-01   
-1.309767E-01    1.840022E-01   
-1.310916E-01    1.836174E-01   
-1.312059E-01    1.832328E-01   
-1.313194E-01    1.828485E-01   
-1.314323E-01    1.824645E-01   
-1.315444E-01    1.820807E-01   
-1.316559E-01    1.816973E-01   
-1.317667E-01    1.813140E-01   
-1.318769E-01    1.809311E-01   
-1.319863E-01    1.805484E-01   
-1.320951E-01    1.801660E-01   
-1.322032E-01    1.797839E-01   
-1.323107E-01    1.794021E-01   
-1.324175E-01    1.790206E-01   
-1.325236E-01    1.786394E-01   
-1.326290E-01    1.782585E-01   
-1.327338E-01    1.778779E-01   
-1.328379E-01    1.774976E-01   
-1.329414E-01    1.771176E-01   
-1.330443E-01    1.767379E-01   
-1.331464E-01    1.763586E-01   
-1.332480E-01    1.759795E-01   
-1.333488E-01    1.756008E-01   
-1.334491E-01    1.752224E-01   
-1.335487E-01    1.748444E-01   
-1.336476E-01    1.744666E-01   
-1.337460E-01    1.740893E-01   
-1.338436E-01    1.737122E-01   
-1.339407E-01    1.733355E-01   
-1.340371E-01    1.729592E-01   
-1.341329E-01    1.725832E-01   
-1.342281E-01    1.722076E-01   
-1.343227E-01    1.718323E-01   
-1.344166E-01    1.714574E-01   
-1.345099E-01    1.710829E-01   
-1.346026E-01    1.707088E-01   
-1.346947E-01    1.703350E-01   
-1.347862E-01    1.699616E-01   
-1.348771E-01    1.695886E-01   
-1.349674E-01    1.692160E-01   
-1.350571E-01    1.688438E-01   
-1.351462E-01    1.684719E-01   
-1.352347E-01    1.681005E-01   
-1.353226E-01    1.677295E-01   
-1.354099E-01    1.673589E-01   
-1.354967E-01    1.669887E-01   
-1.355829E-01    1.666189E-01   
-1.356684E-01    1.662495E-01   
-1.357535E-01    1.658806E-01   
-1.358379E-01    1.655121E-01   
-1.359218E-01    1.651440E-01   
-1.360051E-01    1.647764E-01   
-1.360878E-01    1.644092E-01   
-1.361700E-01    1.640425E-01   
-1.362517E-01    1.636762E-01   
-1.363328E-01    1.633104E-01   
-1.364133E-01    1.629451E-01   
-1.364933E-01    1.625802E-01   
-1.365727E-01    1.622157E-01   
-1.366517E-01    1.618518E-01   
-1.367301E-01    1.614883E-01   
-1.368079E-01    1.611253E-01   
-1.368853E-01    1.607628E-01   
-1.369621E-01    1.604008E-01   
-1.370384E-01    1.600393E-01   
-1.371142E-01    1.596784E-01   
-1.371894E-01    1.593179E-01   
-1.372642E-01    1.589579E-01   
-1.373385E-01    1.585984E-01   
-1.374122E-01    1.582395E-01   
-1.374855E-01    1.578811E-01   
-1.375583E-01    1.575232E-01   
-1.376306E-01    1.571659E-01   
-1.377024E-01    1.568091E-01   
-1.377738E-01    1.564529E-01   
-1.378447E-01    1.560972E-01   
-1.379151E-01    1.557421E-01   
-1.379850E-01    1.553875E-01   
-1.380545E-01    1.550336E-01   
-1.381235E-01    1.546802E-01   
-1.381921E-01    1.543273E-01   
-1.382603E-01    1.539751E-01   
-1.383280E-01    1.536235E-01   
-1.383952E-01    1.532724E-01   
-1.384621E-01    1.529220E-01   
-1.385285E-01    1.525721E-01   
-1.385945E-01    1.522229E-01   
-1.386601E-01    1.518743E-01   
-1.387252E-01    1.515264E-01   
-1.387900E-01    1.511791E-01   
-1.388544E-01    1.508324E-01   
-1.389183E-01    1.504863E-01   
-1.389819E-01    1.501409E-01   
-1.390451E-01    1.497962E-01   
-1.391080E-01    1.494521E-01   
-1.391704E-01    1.491087E-01   
-1.392325E-01    1.487660E-01   
-1.392942E-01    1.484240E-01   
-1.393556E-01    1.480826E-01   
-1.394166E-01    1.477420E-01   
-1.394773E-01    1.474020E-01   
-1.395377E-01    1.470628E-01   
-1.395977E-01    1.467243E-01   
-1.396574E-01    1.463865E-01   
-1.397167E-01    1.460494E-01   
-1.397758E-01    1.457131E-01   
-1.398345E-01    1.453775E-01   
-1.398930E-01    1.450427E-01   
-1.399512E-01    1.447086E-01   
-1.400090E-01    1.443753E-01   
-1.400666E-01    1.440427E-01   
-1.401240E-01    1.437110E-01   
-1.401810E-01    1.433800E-01   
-1.402378E-01    1.430498E-01   
-1.402943E-01    1.427204E-01   
-1.403506E-01    1.423919E-01   
-1.404067E-01    1.420641E-01   
-1.404625E-01    1.417372E-01   
-1.405181E-01    1.414111E-01   
-1.405735E-01    1.410858E-01   
-1.406287E-01    1.407614E-01   
-1.406837E-01    1.404378E-01   
-1.407385E-01    1.401151E-01   
-1.407931E-01    1.397933E-01   
-1.408475E-01    1.394723E-01   
-1.409017E-01    1.391523E-01   
-1.409558E-01    1.388331E-01   
-1.410097E-01    1.385148E-01   
-1.410635E-01    1.381974E-01   
-1.411171E-01    1.378810E-01   
-1.411707E-01    1.375655E-01   
-1.412240E-01    1.372509E-01   
-1.412773E-01    1.369372E-01   
-1.413305E-01    1.366245E-01   
-1.413835E-01    1.363128E-01   
-1.414365E-01    1.360020E-01   
-1.414894E-01    1.356922E-01   
-1.415422E-01    1.353834E-01   
-1.415949E-01    1.350756E-01   
-1.416476E-01    1.347688E-01   
-1.417003E-01    1.344629E-01   
-1.417529E-01    1.341581E-01   
-1.418055E-01    1.338544E-01   
-1.418580E-01    1.335516E-01   
-1.419106E-01    1.332499E-01   
-1.419631E-01    1.329493E-01   
-1.420157E-01    1.326497E-01   
-1.420682E-01    1.323512E-01   
-1.421208E-01    1.320537E-01   
-1.421734E-01    1.317573E-01   
-1.422261E-01    1.314621E-01   
-1.422788E-01    1.311679E-01   
-1.423316E-01    1.308748E-01   
-1.423844E-01    1.305829E-01   
-1.424373E-01    1.302920E-01   
-1.424903E-01    1.300024E-01   
-1.425435E-01    1.297138E-01   
-1.425967E-01    1.294264E-01   
-1.426500E-01    1.291401E-01   
-1.427035E-01    1.288551E-01   
-1.427571E-01    1.285711E-01   
-1.428108E-01    1.282884E-01   
-1.428647E-01    1.280069E-01   
-1.429187E-01    1.277265E-01   
-1.429730E-01    1.274474E-01   
-1.430274E-01    1.271694E-01   
-1.430820E-01    1.268927E-01   
-1.431368E-01    1.266172E-01   
-1.431918E-01    1.263430E-01   
-1.432470E-01    1.260699E-01   
-1.433025E-01    1.257982E-01   
-1.433581E-01    1.255276E-01   
-1.434141E-01    1.252583E-01   
-1.434703E-01    1.249903E-01   
-1.435267E-01    1.247236E-01   
-1.435834E-01    1.244581E-01   
-1.436404E-01    1.241940E-01   
-1.436977E-01    1.239311E-01   
-1.437553E-01    1.236695E-01   
-1.438132E-01    1.234092E-01   
-1.438714E-01    1.231502E-01   
-1.439300E-01    1.228925E-01   
-1.439888E-01    1.226361E-01   
-1.440480E-01    1.223811E-01   
-1.441076E-01    1.221273E-01   
-1.441675E-01    1.218749E-01   
-1.442277E-01    1.216238E-01   
-1.442884E-01    1.213741E-01   
-1.443494E-01    1.211257E-01   
-1.444107E-01    1.208786E-01   
-1.444725E-01    1.206328E-01   
-1.445347E-01    1.203885E-01   
-1.445973E-01    1.201454E-01   
-1.446603E-01    1.199037E-01   
-1.447237E-01    1.196634E-01   
-1.447875E-01    1.194244E-01   
-1.448518E-01    1.191867E-01   
-1.449164E-01    1.189504E-01   
-1.449816E-01    1.187155E-01   
-1.450471E-01    1.184819E-01   
-1.451132E-01    1.182497E-01   
-1.451796E-01    1.180188E-01   
-1.452466E-01    1.177893E-01   
-1.453140E-01    1.175611E-01   
-1.453819E-01    1.173343E-01   
-1.454502E-01    1.171088E-01   
-1.455190E-01    1.168847E-01   
-1.455883E-01    1.166619E-01   
-1.456581E-01    1.164405E-01   
-1.457284E-01    1.162204E-01   
-1.457991E-01    1.160016E-01   
-1.458704E-01    1.157842E-01   
-1.459421E-01    1.155681E-01   
-1.460144E-01    1.153533E-01   
-1.460871E-01    1.151399E-01   
-1.461603E-01    1.149278E-01   
-1.462341E-01    1.147169E-01   
-1.463083E-01    1.145074E-01   
-1.463831E-01    1.142992E-01   
-1.464584E-01    1.140923E-01   
-1.465341E-01    1.138867E-01   
-1.466104E-01    1.136824E-01   
-1.466872E-01    1.134793E-01   
-1.467645E-01    1.132775E-01   
-1.468423E-01    1.130770E-01   
-1.469206E-01    1.128777E-01   
-1.469994E-01    1.126797E-01   
-1.470787E-01    1.124830E-01   
-1.471585E-01    1.122874E-01   
-1.472388E-01    1.120931E-01   
-1.473197E-01    1.119001E-01   
-1.474010E-01    1.117082E-01   
-1.474828E-01    1.115175E-01   
-1.475652E-01    1.113280E-01   
-1.476480E-01    1.111397E-01   
-1.477313E-01    1.109526E-01   
-1.478151E-01    1.107667E-01   
-1.478994E-01    1.105819E-01   
-1.479841E-01    1.103982E-01   
-1.480694E-01    1.102157E-01   
-1.481551E-01    1.100344E-01   
-1.482413E-01    1.098541E-01   
-1.483280E-01    1.096749E-01   
-1.484151E-01    1.094969E-01   
-1.485028E-01    1.093199E-01   
-1.485908E-01    1.091440E-01   
-1.486794E-01    1.089692E-01   
-1.487683E-01    1.087954E-01   
-1.488578E-01    1.086227E-01   
-1.489476E-01    1.084510E-01   
-1.490379E-01    1.082803E-01   
-1.491287E-01    1.081107E-01   
-1.492199E-01    1.079420E-01   
-1.493115E-01    1.077744E-01   
-1.494035E-01    1.076077E-01   
-1.494959E-01    1.074420E-01   
-1.495888E-01    1.072772E-01   
-1.496820E-01    1.071134E-01   
-1.497757E-01    1.069505E-01   
-1.498697E-01    1.067886E-01   
-1.499642E-01    1.066275E-01   
-1.500590E-01    1.064674E-01   
-1.501542E-01    1.063081E-01   
-1.502498E-01    1.061498E-01   
-1.503457E-01    1.059923E-01   
-1.504421E-01    1.058357E-01   
-1.505387E-01    1.056799E-01   
-1.506358E-01    1.055249E-01   
-1.507331E-01    1.053708E-01   
-1.508308E-01    1.052175E-01   
-1.509289E-01    1.050650E-01   
-1.510273E-01    1.049133E-01   
-1.511260E-01    1.047624E-01   
-1.512250E-01    1.046122E-01   
-1.513244E-01    1.044628E-01   
-1.514240E-01    1.043142E-01   
-1.515240E-01    1.041663E-01   
-1.516242E-01    1.040191E-01   
-1.517248E-01    1.038727E-01   
-1.518256E-01    1.037270E-01   
-1.519267E-01    1.035819E-01   
-1.520281E-01    1.034376E-01   
-1.521298E-01    1.032939E-01   
-1.522317E-01    1.031509E-01   
-1.523339E-01    1.030086E-01   
-1.524363E-01    1.028670E-01   
-1.525390E-01    1.027259E-01   
-1.526419E-01    1.025855E-01   
-1.527451E-01    1.024458E-01   
-1.528485E-01    1.023066E-01   
-1.529521E-01    1.021681E-01   
-1.530560E-01    1.020301E-01   
-1.531600E-01    1.018928E-01   
-1.532643E-01    1.017560E-01   
-1.533688E-01    1.016198E-01   
-1.534735E-01    1.014841E-01   
-1.535784E-01    1.013490E-01   
-1.536834E-01    1.012145E-01   
-1.537887E-01    1.010805E-01   
-1.538941E-01    1.009470E-01   
-1.539997E-01    1.008140E-01   
-1.541055E-01    1.006816E-01   
-1.542115E-01    1.005496E-01   
-1.543176E-01    1.004182E-01   
-1.544238E-01    1.002872E-01   
-1.545303E-01    1.001568E-01   
-1.546368E-01    1.000268E-01   
-1.547435E-01    9.989724E-02   
-1.548504E-01    9.976817E-02   
-1.549574E-01    9.963955E-02   
-1.550645E-01    9.951139E-02   
-1.551717E-01    9.938366E-02   
-1.552791E-01    9.925636E-02   
-1.553866E-01    9.912949E-02   
-1.554942E-01    9.900304E-02   
-1.556019E-01    9.887700E-02   
-1.557097E-01    9.875137E-02   
-1.558176E-01    9.862614E-02   
-1.559256E-01    9.850131E-02   
-1.560337E-01    9.837686E-02   
-1.561419E-01    9.825279E-02   
-1.562501E-01    9.812910E-02   
-1.563585E-01    9.800578E-02   
-1.564669E-01    9.788282E-02   
-1.565754E-01    9.776023E-02   
-1.566840E-01    9.763798E-02   
-1.567926E-01    9.751608E-02   
-1.569013E-01    9.739453E-02   
-1.570100E-01    9.727331E-02   
-1.571188E-01    9.715242E-02   
-1.572277E-01    9.703186E-02   
-1.573366E-01    9.691163E-02   
-1.574455E-01    9.679171E-02   
-1.575545E-01    9.667210E-02   
-1.576635E-01    9.655279E-02   
-1.577726E-01    9.643379E-02   
-1.578817E-01    9.631509E-02   
-1.579908E-01    9.619668E-02   
-1.581000E-01    9.607856E-02   
-1.582091E-01    9.596072E-02   
-1.583183E-01    9.584316E-02   
-1.584275E-01    9.572588E-02   
-1.585367E-01    9.560887E-02   
-1.586459E-01    9.549212E-02   
-1.587552E-01    9.537564E-02   
-1.588644E-01    9.525942E-02   
-1.589736E-01    9.514346E-02   
-1.590829E-01    9.502774E-02   
-1.591921E-01    9.491227E-02   
-1.593013E-01    9.479705E-02   
-1.594105E-01    9.468207E-02   
-1.595197E-01    9.456732E-02   
-1.596289E-01    9.445281E-02   
-1.597381E-01    9.433853E-02   
-1.598472E-01    9.422447E-02   
-1.599564E-01    9.411064E-02   
-1.600655E-01    9.399702E-02   
-1.601745E-01    9.388362E-02   
-1.602836E-01    9.377044E-02   
-1.603926E-01    9.365747E-02   
-1.605016E-01    9.354470E-02   
-1.606105E-01    9.343214E-02   
-1.607194E-01    9.331978E-02   
-1.608283E-01    9.320762E-02   
-1.609371E-01    9.309565E-02   
-1.610459E-01    9.298388E-02   
-1.611546E-01    9.287229E-02   
-1.612633E-01    9.276090E-02   
-1.613719E-01    9.264969E-02   
-1.614805E-01    9.253866E-02   
-1.615890E-01    9.242781E-02   
-1.616975E-01    9.231714E-02   
-1.618059E-01    9.220664E-02   
-1.619142E-01    9.209632E-02   
-1.620225E-01    9.198617E-02   
-1.621307E-01    9.187618E-02   
-1.622389E-01    9.176636E-02   
-1.623469E-01    9.165671E-02   
-1.624549E-01    9.154721E-02   
-1.625629E-01    9.143788E-02   
-1.626707E-01    9.132870E-02   
-1.627785E-01    9.121967E-02   
-1.628862E-01    9.111080E-02   
-1.629939E-01    9.100208E-02   
-1.631014E-01    9.089351E-02   
-1.632089E-01    9.078509E-02   
-1.633163E-01    9.067681E-02   
-1.634236E-01    9.056868E-02   
-1.635308E-01    9.046069E-02   
-1.636379E-01    9.035283E-02   
-1.637450E-01    9.024512E-02   
-1.638519E-01    9.013754E-02   
-1.639588E-01    9.003010E-02   
-1.640655E-01    8.992279E-02   
-1.641722E-01    8.981562E-02   
-1.642788E-01    8.970857E-02   
-1.643852E-01    8.960165E-02   
-1.644916E-01    8.949486E-02   
-1.645979E-01    8.938820E-02   
-1.647040E-01    8.928166E-02   
-1.648101E-01    8.917524E-02   
-1.649161E-01    8.906894E-02   
-1.650219E-01    8.896277E-02   
-1.651277E-01    8.885671E-02   
-1.652333E-01    8.875077E-02   
-1.653389E-01    8.864495E-02   
-1.654443E-01    8.853925E-02   
-1.655496E-01    8.843365E-02   
-1.656548E-01    8.832817E-02   
-1.657599E-01    8.822281E-02   
-1.658648E-01    8.811755E-02   
-1.659697E-01    8.801240E-02   
-1.660744E-01    8.790736E-02   
-1.661790E-01    8.780243E-02   
-1.662835E-01    8.769760E-02   
-1.663879E-01    8.759288E-02   
-1.664922E-01    8.748827E-02   
-1.665963E-01    8.738375E-02   
-1.667003E-01    8.727934E-02   
-1.668042E-01    8.717503E-02   
-1.669080E-01    8.707082E-02   
-1.670116E-01    8.696672E-02   
-1.671151E-01    8.686271E-02   
-1.672185E-01    8.675879E-02   
-1.673218E-01    8.665498E-02   
-1.674249E-01    8.655126E-02   
-1.675279E-01    8.644764E-02   
-1.676307E-01    8.634411E-02   
-1.677335E-01    8.624068E-02   
-1.678361E-01    8.613734E-02   
-1.679385E-01    8.603409E-02   
-1.680409E-01    8.593093E-02   
-1.681430E-01    8.582787E-02   
-1.682451E-01    8.572490E-02   
-1.683470E-01    8.562201E-02   
-1.684488E-01    8.551922E-02   
-1.685505E-01    8.541651E-02   
-1.686520E-01    8.531389E-02   
-1.687533E-01    8.521136E-02   
-1.688545E-01    8.510892E-02   
-1.689556E-01    8.500657E-02   
-1.690566E-01    8.490430E-02   
-1.691574E-01    8.480211E-02   
-1.692580E-01    8.470001E-02   
-1.693585E-01    8.459800E-02   
-1.694589E-01    8.449606E-02   
-1.695591E-01    8.439422E-02   
-1.696592E-01    8.429245E-02   
-1.697591E-01    8.419077E-02   
-1.698589E-01    8.408917E-02   
-1.699586E-01    8.398765E-02   
-1.700580E-01    8.388622E-02   
-1.701574E-01    8.378486E-02   
-1.702566E-01    8.368359E-02   
-1.703556E-01    8.358239E-02   
-1.704545E-01    8.348128E-02   
-1.705532E-01    8.338024E-02   
-1.706518E-01    8.327929E-02   
-1.707502E-01    8.317841E-02   
-1.708485E-01    8.307761E-02   
-1.709467E-01    8.297689E-02   
-1.710446E-01    8.287625E-02   
-1.711424E-01    8.277569E-02   
-1.712401E-01    8.267521E-02   
-1.713376E-01    8.257480E-02   
-1.714350E-01    8.247447E-02   
-1.715322E-01    8.237421E-02   
-1.716292E-01    8.227404E-02   
-1.717261E-01    8.217394E-02   
-1.718228E-01    8.207391E-02   
-1.719194E-01    8.197396E-02   
-1.720158E-01    8.187409E-02   
-1.721120E-01    8.177430E-02   
-1.722081E-01    8.167458E-02   
-1.723041E-01    8.157493E-02   
-1.723998E-01    8.147536E-02   
-1.724954E-01    8.137587E-02   
-1.725909E-01    8.127645E-02   
-1.726862E-01    8.117710E-02   
-1.727813E-01    8.107784E-02   
-1.728763E-01    8.097864E-02   
-1.729711E-01    8.087952E-02   
-1.730657E-01    8.078048E-02   
-1.731602E-01    8.068151E-02   
-1.732545E-01    8.058261E-02   
-1.733487E-01    8.048379E-02   
-1.734427E-01    8.038504E-02   
-1.735365E-01    8.028637E-02   
-1.736301E-01    8.018777E-02   
-1.737236E-01    8.008924E-02   
-1.738170E-01    7.999079E-02   
-1.739101E-01    7.989242E-02   
-1.740031E-01    7.979412E-02   
-1.740959E-01    7.969589E-02   
-1.741886E-01    7.959773E-02   
-1.742811E-01    7.949965E-02   
-1.743734E-01    7.940165E-02   
-1.744656E-01    7.930372E-02   
-1.745576E-01    7.920586E-02   
-1.746494E-01    7.910808E-02   
-1.747411E-01    7.901037E-02   
-1.748326E-01    7.891274E-02   
-1.749239E-01    7.881518E-02   
-1.750150E-01    7.871769E-02   
-1.751060E-01    7.862028E-02   
-1.751968E-01    7.852295E-02   
-1.752875E-01    7.842568E-02   
-1.753780E-01    7.832850E-02   
-1.754683E-01    7.823139E-02   
-1.755584E-01    7.813435E-02   
-1.756484E-01    7.803739E-02   
-1.757382E-01    7.794050E-02   
-1.758278E-01    7.784369E-02   
-1.759172E-01    7.774695E-02   
-1.760065E-01    7.765029E-02   
-1.760956E-01    7.755371E-02   
-1.761846E-01    7.745720E-02   
-1.762733E-01    7.736076E-02   
-1.763619E-01    7.726440E-02   
-1.764503E-01    7.716812E-02   
-1.765386E-01    7.707192E-02   
-1.766267E-01    7.697579E-02   
-1.767146E-01    7.687973E-02   
-1.768023E-01    7.678376E-02   
-1.768899E-01    7.668786E-02   
-1.769772E-01    7.659203E-02   
-1.770645E-01    7.649629E-02   
-1.771515E-01    7.640062E-02   
-1.772384E-01    7.630503E-02   
-1.773250E-01    7.620952E-02   
-1.774116E-01    7.611408E-02   
-1.774979E-01    7.601872E-02   
-1.775841E-01    7.592344E-02   
-1.776701E-01    7.582824E-02   
-1.777559E-01    7.573312E-02   
-1.778415E-01    7.563807E-02   
-1.779270E-01    7.554311E-02   
-1.780123E-01    7.544822E-02   
-1.780974E-01    7.535342E-02   
-1.781824E-01    7.525869E-02   
-1.782671E-01    7.516404E-02   
-1.783517E-01    7.506947E-02   
-1.784361E-01    7.497499E-02   
-1.785204E-01    7.488058E-02   
-1.786045E-01    7.478625E-02   
