 4.234148E-01   -7.379323E-01   
 4.256560E-01   -7.368276E-01   
 4.278926E-01   -7.357157E-01   
 4.301248E-01   -7.345967E-01   
 4.323524E-01   -7.334705E-01   
 4.345755E-01   -7.323372E-01   
 4.367940E-01   -7.311968E-01   
 4.390080E-01   -7.300493E-01   
 4.412174E-01   -7.288947E-01   
 4.434221E-01   -7.277330E-01   
 4.456221E-01   -7.265643E-01   
 4.478175E-01   -7.253886E-01   
 4.500082E-01   -7.242058E-01   
 4.521941E-01   -7.230160E-01   
 4.543753E-01   -7.218192E-01   
 4.565518E-01   -7.206154E-01   
 4.587234E-01   -7.194047E-01   
 4.608902E-01   -7.181870E-01   
 4.630521E-01   -7.169623E-01   
 4.652092E-01   -7.157307E-01   
 4.673614E-01   -7.144923E-01   
 4.695087E-01   -7.132469E-01   
 4.716510E-01   -7.119946E-01   
 4.737884E-01   -7.107355E-01   
 4.759208E-01   -7.094695E-01   
 4.780481E-01   -7.081967E-01   
 4.801705E-01   -7.069171E-01   
 4.822878E-01   -7.056307E-01   
 4.844000E-01   -7.043374E-01   
 4.865071E-01   -7.030374E-01   
 4.886091E-01   -7.017307E-01   
 4.907059E-01   -7.004172E-01   
 4.927976E-01   -6.990970E-01   
 4.948840E-01   -6.977700E-01   
 4.969653E-01   -6.964364E-01   
 4.990413E-01   -6.950961E-01   
 5.011121E-01   -6.937491E-01   
 5.031776E-01   -6.923955E-01   
 5.052377E-01   -6.910353E-01   
 5.072926E-01   -6.896684E-01   
 5.093421E-01   -6.882949E-01   
 5.113862E-01   -6.869149E-01   
 5.134250E-01   -6.855283E-01   
 5.154583E-01   -6.841352E-01   
 5.174862E-01   -6.827355E-01   
 5.195086E-01   -6.813293E-01   
 5.215255E-01   -6.799166E-01   
 5.235370E-01   -6.784974E-01   
 5.255429E-01   -6.770718E-01   
 5.275433E-01   -6.756397E-01   
 5.295381E-01   -6.742012E-01   
 5.315273E-01   -6.727563E-01   
 5.335109E-01   -6.713050E-01   
 5.354889E-01   -6.698474E-01   
 5.374612E-01   -6.683833E-01   
 5.394279E-01   -6.669129E-01   
 5.413888E-01   -6.654362E-01   
 5.433441E-01   -6.639532E-01   
 5.452936E-01   -6.624640E-01   
 5.472373E-01   -6.609684E-01   
 5.491753E-01   -6.594666E-01   
 5.511074E-01   -6.579585E-01   
 5.530337E-01   -6.564443E-01   
 5.549542E-01   -6.549238E-01   
 5.568689E-01   -6.533972E-01   
 5.587776E-01   -6.518644E-01   
 5.606805E-01   -6.503255E-01   
 5.625774E-01   -6.487804E-01   
 5.644684E-01   -6.472292E-01   
 5.663534E-01   -6.456720E-01   
 5.682324E-01   -6.441087E-01   
 5.701054E-01   -6.425393E-01   
 5.719724E-01   -6.409639E-01   
 5.738334E-01   -6.393825E-01   
 5.756882E-01   -6.377951E-01   
 5.775370E-01   -6.362017E-01   
 5.793797E-01   -6.346024E-01   
 5.812163E-01   -6.329971E-01   
 5.830467E-01   -6.313859E-01   
 5.848710E-01   -6.297688E-01   
 5.866890E-01   -6.281459E-01   
 5.885009E-01   -6.265171E-01   
 5.903065E-01   -6.248824E-01   
 5.921059E-01   -6.232419E-01   
 5.938991E-01   -6.215956E-01   
 5.956859E-01   -6.199436E-01   
 5.974665E-01   -6.182858E-01   
 5.992407E-01   -6.166222E-01   
 6.010086E-01   -6.149529E-01   
 6.027702E-01   -6.132779E-01   
 6.045253E-01   -6.115972E-01   
 6.062741E-01   -6.099109E-01   
 6.080164E-01   -6.082189E-01   
 6.097524E-01   -6.065213E-01   
 6.114818E-01   -6.048181E-01   
 6.132048E-01   -6.031093E-01   
 6.149214E-01   -6.013950E-01   
 6.166314E-01   -5.996751E-01   
 6.183348E-01   -5.979496E-01   
 6.200318E-01   -5.962187E-01   
 6.217222E-01   -5.944823E-01   
 6.234060E-01   -5.927404E-01   
 6.250832E-01   -5.909931E-01   
 6.267537E-01   -5.892404E-01   
 6.284177E-01   -5.874823E-01   
 6.300750E-01   -5.857187E-01   
 6.317256E-01   -5.839499E-01   
 6.333696E-01   -5.821756E-01   
 6.350068E-01   -5.803961E-01   
 6.366373E-01   -5.786113E-01   
 6.382611E-01   -5.768211E-01   
 6.398781E-01   -5.750258E-01   
 6.414884E-01   -5.732251E-01   
 6.430919E-01   -5.714193E-01   
 6.446885E-01   -5.696083E-01   
 6.462783E-01   -5.677921E-01   
 6.478613E-01   -5.659707E-01   
 6.494375E-01   -5.641443E-01   
 6.510067E-01   -5.623127E-01   
 6.525691E-01   -5.604760E-01   
 6.541245E-01   -5.586342E-01   
 6.556730E-01   -5.567874E-01   
 6.572146E-01   -5.549356E-01   
 6.587492E-01   -5.530787E-01   
 6.602769E-01   -5.512169E-01   
 6.617975E-01   -5.493501E-01   
 6.633112E-01   -5.474783E-01   
 6.648178E-01   -5.456017E-01   
 6.663174E-01   -5.437201E-01   
 6.678099E-01   -5.418336E-01   
 6.692953E-01   -5.399423E-01   
 6.707737E-01   -5.380462E-01   
 6.722449E-01   -5.361452E-01   
 6.737091E-01   -5.342395E-01   
 6.751661E-01   -5.323289E-01   
 6.766159E-01   -5.304136E-01   
 6.780586E-01   -5.284936E-01   
 6.794941E-01   -5.265689E-01   
 6.809224E-01   -5.246395E-01   
 6.823435E-01   -5.227054E-01   
 6.837573E-01   -5.207666E-01   
 6.851639E-01   -5.188233E-01   
 6.865633E-01   -5.168753E-01   
 6.879553E-01   -5.149227E-01   
 6.893401E-01   -5.129656E-01   
 6.907176E-01   -5.110040E-01   
 6.920877E-01   -5.090378E-01   
 6.934506E-01   -5.070671E-01   
 6.948060E-01   -5.050920E-01   
 6.961541E-01   -5.031124E-01   
 6.974949E-01   -5.011283E-01   
 6.988282E-01   -4.991399E-01   
 7.001541E-01   -4.971471E-01   
 7.014726E-01   -4.951498E-01   
 7.027837E-01   -4.931483E-01   
 7.040873E-01   -4.911424E-01   
 7.053835E-01   -4.891322E-01   
 7.066722E-01   -4.871178E-01   
 7.079533E-01   -4.850990E-01   
 7.092270E-01   -4.830760E-01   
 7.104931E-01   -4.810489E-01   
 7.117518E-01   -4.790175E-01   
 7.130028E-01   -4.769819E-01   
 7.142463E-01   -4.749422E-01   
 7.154822E-01   -4.728983E-01   
 7.167106E-01   -4.708503E-01   
 7.179313E-01   -4.687983E-01   
 7.191444E-01   -4.667421E-01   
 7.203499E-01   -4.646820E-01   
 7.215477E-01   -4.626177E-01   
 7.227379E-01   -4.605495E-01   
 7.239204E-01   -4.584773E-01   
 7.250952E-01   -4.564012E-01   
 7.262623E-01   -4.543210E-01   
 7.274217E-01   -4.522370E-01   
 7.285734E-01   -4.501491E-01   
 7.297174E-01   -4.480573E-01   
 7.308536E-01   -4.459616E-01   
 7.319820E-01   -4.438621E-01   
 7.331027E-01   -4.417587E-01   
 7.342155E-01   -4.396516E-01   
 7.353206E-01   -4.375407E-01   
 7.364178E-01   -4.354260E-01   
 7.375073E-01   -4.333077E-01   
 7.385889E-01   -4.311856E-01   
 7.396626E-01   -4.290598E-01   
 7.407285E-01   -4.269303E-01   
 7.417864E-01   -4.247972E-01   
 7.428365E-01   -4.226604E-01   
 7.438787E-01   -4.205201E-01   
 7.449130E-01   -4.183761E-01   
 7.459394E-01   -4.162286E-01   
 7.469578E-01   -4.140775E-01   
 7.479683E-01   -4.119229E-01   
 7.489708E-01   -4.097648E-01   
 7.499653E-01   -4.076033E-01   
 7.509519E-01   -4.054382E-01   
 7.519304E-01   -4.032697E-01   
 7.529010E-01   -4.010978E-01   
 7.538635E-01   -3.989224E-01   
 7.548180E-01   -3.967437E-01   
 7.557644E-01   -3.945616E-01   
 7.567028E-01   -3.923762E-01   
 7.576331E-01   -3.901874E-01   
 7.585553E-01   -3.879954E-01   
 7.594694E-01   -3.858000E-01   
 7.603754E-01   -3.836014E-01   
 7.612734E-01   -3.813995E-01   
 7.621631E-01   -3.791944E-01   
 7.630448E-01   -3.769861E-01   
 7.639183E-01   -3.747746E-01   
 7.647836E-01   -3.725599E-01   
 7.656408E-01   -3.703421E-01   
 7.664897E-01   -3.681211E-01   
 7.673305E-01   -3.658971E-01   
 7.681631E-01   -3.636699E-01   
 7.689874E-01   -3.614396E-01   
 7.698035E-01   -3.592063E-01   
 7.706114E-01   -3.569700E-01   
 7.714110E-01   -3.547306E-01   
 7.722024E-01   -3.524883E-01   
 7.729855E-01   -3.502429E-01   
 7.737603E-01   -3.479946E-01   
 7.745268E-01   -3.457433E-01   
 7.752850E-01   -3.434891E-01   
 7.760348E-01   -3.412320E-01   
 7.767764E-01   -3.389720E-01   
 7.775096E-01   -3.367092E-01   
 7.782344E-01   -3.344434E-01   
 7.789509E-01   -3.321749E-01   
 7.796590E-01   -3.299035E-01   
 7.803587E-01   -3.276293E-01   
 7.810501E-01   -3.253523E-01   
 7.817330E-01   -3.230725E-01   
 7.824075E-01   -3.207900E-01   
 7.830735E-01   -3.185047E-01   
 7.837312E-01   -3.162167E-01   
 7.843803E-01   -3.139261E-01   
 7.850210E-01   -3.116327E-01   
 7.856533E-01   -3.093366E-01   
 7.862770E-01   -3.070379E-01   
 7.868923E-01   -3.047366E-01   
 7.874990E-01   -3.024326E-01   
 7.880972E-01   -3.001260E-01   
 7.886869E-01   -2.978168E-01   
 7.892681E-01   -2.955051E-01   
 7.898407E-01   -2.931908E-01   
 7.904047E-01   -2.908739E-01   
 7.909602E-01   -2.885545E-01   
 7.915070E-01   -2.862326E-01   
 7.920453E-01   -2.839081E-01   
 7.925750E-01   -2.815812E-01   
 7.930960E-01   -2.792518E-01   
 7.936084E-01   -2.769200E-01   
 7.941122E-01   -2.745857E-01   
 7.946073E-01   -2.722489E-01   
 7.950938E-01   -2.699098E-01   
 7.955716E-01   -2.675682E-01   
 7.960406E-01   -2.652242E-01   
 7.965010E-01   -2.628779E-01   
 7.969527E-01   -2.605292E-01   
 7.973957E-01   -2.581781E-01   
 7.978299E-01   -2.558247E-01   
 7.982554E-01   -2.534689E-01   
 7.986721E-01   -2.511109E-01   
 7.990800E-01   -2.487505E-01   
 7.994792E-01   -2.463878E-01   
 7.998695E-01   -2.440229E-01   
 8.002511E-01   -2.416556E-01   
 8.006238E-01   -2.392862E-01   
 8.009878E-01   -2.369144E-01   
 8.013428E-01   -2.345404E-01   
 8.016890E-01   -2.321642E-01   
 8.020264E-01   -2.297857E-01   
 8.023548E-01   -2.274051E-01   
 8.026744E-01   -2.250222E-01   
 8.029851E-01   -2.226372E-01   
 8.032868E-01   -2.202499E-01   
 8.035797E-01   -2.178605E-01   
 8.038635E-01   -2.154689E-01   
 8.041384E-01   -2.130752E-01   
 8.044044E-01   -2.106793E-01   
 8.046613E-01   -2.082812E-01   
 8.049093E-01   -2.058810E-01   
 8.051483E-01   -2.034787E-01   
 8.053782E-01   -2.010743E-01   
 8.055991E-01   -1.986677E-01   
 8.058109E-01   -1.962591E-01   
 8.060137E-01   -1.938483E-01   
 8.062074E-01   -1.914354E-01   
 8.063920E-01   -1.890204E-01   
 8.065675E-01   -1.866034E-01   
 8.067338E-01   -1.841842E-01   
 8.068910E-01   -1.817630E-01   
 8.070391E-01   -1.793397E-01   
 8.071780E-01   -1.769143E-01   
 8.073077E-01   -1.744869E-01   
 8.074283E-01   -1.720574E-01   
 8.075396E-01   -1.696258E-01   
 8.076416E-01   -1.671922E-01   
 8.077345E-01   -1.647564E-01   
 8.078180E-01   -1.623187E-01   
 8.078923E-01   -1.598789E-01   
 8.079573E-01   -1.574370E-01   
 8.080130E-01   -1.549930E-01   
 8.080593E-01   -1.525470E-01   
 8.080963E-01   -1.500990E-01   
 8.081240E-01   -1.476489E-01   
 8.081422E-01   -1.451967E-01   
 8.081511E-01   -1.427424E-01   
 8.081505E-01   -1.402861E-01   
 8.081406E-01   -1.378278E-01   
 8.081211E-01   -1.353673E-01   
 8.080922E-01   -1.329048E-01   
 8.080538E-01   -1.304402E-01   
 8.080059E-01   -1.279735E-01   
 8.079484E-01   -1.255048E-01   
 8.078814E-01   -1.230339E-01   
 8.078049E-01   -1.205610E-01   
 8.077187E-01   -1.180859E-01   
 8.076229E-01   -1.156087E-01   
 8.075175E-01   -1.131294E-01   
 8.074025E-01   -1.106480E-01   
 8.072778E-01   -1.081645E-01   
 8.071434E-01   -1.056788E-01   
 8.069992E-01   -1.031909E-01   
 8.068453E-01   -1.007009E-01   
 8.066817E-01   -9.820872E-02   
 8.065083E-01   -9.571435E-02   
 8.063250E-01   -9.321778E-02   
 8.061319E-01   -9.071900E-02   
 8.059290E-01   -8.821801E-02   
 8.057162E-01   -8.571477E-02   
 8.054935E-01   -8.320929E-02   
 8.052608E-01   -8.070154E-02   
 8.050182E-01   -7.819152E-02   
 8.047656E-01   -7.567920E-02   
 8.045030E-01   -7.316457E-02   
 8.042303E-01   -7.064761E-02   
 8.039476E-01   -6.812830E-02   
 8.036548E-01   -6.560663E-02   
 8.033518E-01   -6.308258E-02   
 8.030387E-01   -6.055612E-02   
 8.027155E-01   -5.802723E-02   
 8.023820E-01   -5.549590E-02   
 8.020382E-01   -5.296210E-02   
 8.016842E-01   -5.042581E-02   
 8.013199E-01   -4.788700E-02   
 8.009453E-01   -4.534566E-02   
 8.005603E-01   -4.280175E-02   
 8.001648E-01   -4.025525E-02   
 7.997590E-01   -3.770613E-02   
 7.993427E-01   -3.515437E-02   
 7.989158E-01   -3.259993E-02   
 7.984785E-01   -3.004280E-02   
 7.980305E-01   -2.748292E-02   
 7.975720E-01   -2.492029E-02   
 7.971027E-01   -2.235486E-02   
 7.966229E-01   -1.978660E-02   
 7.961322E-01   -1.721548E-02   
 7.956308E-01   -1.464146E-02   
 7.951186E-01   -1.206451E-02   
 7.945956E-01   -9.484587E-03   
 7.940617E-01   -6.901660E-03   
 7.935168E-01   -4.315688E-03   
 7.929610E-01   -1.726631E-03   
 7.923942E-01    8.655515E-04   
 7.918163E-01    3.460901E-03   
 7.912273E-01    6.059461E-03   
 7.906271E-01    8.661274E-03   
 7.900157E-01    1.126639E-02   
 7.893931E-01    1.387484E-02   
 7.887592E-01    1.648669E-02   
 7.881140E-01    1.910198E-02   
 7.874574E-01    2.172075E-02   
 7.867893E-01    2.434307E-02   
 7.861097E-01    2.696898E-02   
 7.854186E-01    2.959853E-02   
 7.847159E-01    3.223178E-02   
 7.840015E-01    3.486879E-02   
 7.832754E-01    3.750961E-02   
 7.825376E-01    4.015430E-02   
 7.817879E-01    4.280291E-02   
 7.810263E-01    4.545552E-02   
 7.802528E-01    4.811218E-02   
 7.794672E-01    5.077296E-02   
 7.786696E-01    5.343792E-02   
 7.778599E-01    5.610712E-02   
 7.770379E-01    5.878064E-02   
 7.762037E-01    6.145855E-02   
 7.753572E-01    6.414091E-02   
 7.744983E-01    6.682780E-02   
 7.736269E-01    6.951929E-02   
 7.727429E-01    7.221547E-02   
 7.718464E-01    7.491639E-02   
 7.709371E-01    7.762216E-02   
 7.700152E-01    8.033283E-02   
 7.690803E-01    8.304851E-02   
 7.681326E-01    8.576927E-02   
 7.671718E-01    8.849519E-02   
 7.661980E-01    9.122637E-02   
 7.652111E-01    9.396290E-02   
 7.642108E-01    9.670486E-02   
 7.631973E-01    9.945235E-02   
 7.621704E-01    1.022055E-01   
 7.611300E-01    1.049643E-01   
 7.600759E-01    1.077290E-01   
 7.590082E-01    1.104995E-01   
 7.579268E-01    1.132761E-01   
 7.568314E-01    1.160589E-01   
 7.557221E-01    1.188478E-01   
 7.545987E-01    1.216431E-01   
 7.534612E-01    1.244449E-01   
 7.523094E-01    1.272533E-01   
 7.511433E-01    1.300683E-01   
 7.499626E-01    1.328901E-01   
 7.487674E-01    1.357189E-01   
 7.475575E-01    1.385547E-01   
 7.463328E-01    1.413977E-01   
 7.450932E-01    1.442479E-01   
 7.438385E-01    1.471057E-01   
 7.425687E-01    1.499709E-01   
 7.412836E-01    1.528439E-01   
 7.399831E-01    1.557247E-01   
 7.386671E-01    1.586135E-01   
 7.373354E-01    1.615104E-01   
 7.359880E-01    1.644156E-01   
 7.346246E-01    1.673292E-01   
 7.332452E-01    1.702514E-01   
 7.318496E-01    1.731822E-01   
 7.304377E-01    1.761220E-01   
 7.290094E-01    1.790708E-01   
 7.275644E-01    1.820288E-01   
 7.261027E-01    1.849962E-01   
 7.246240E-01    1.879731E-01   
 7.231283E-01    1.909597E-01   
 7.216154E-01    1.939562E-01   
 7.200851E-01    1.969627E-01   
 7.185372E-01    1.999796E-01   
 7.169717E-01    2.030068E-01   
 7.153882E-01    2.060446E-01   
 7.137868E-01    2.090933E-01   
 7.121671E-01    2.121530E-01   
 7.105290E-01    2.152238E-01   
 7.088723E-01    2.183061E-01   
 7.071969E-01    2.214000E-01   
 7.055025E-01    2.245057E-01   
 7.037890E-01    2.276235E-01   
 7.020562E-01    2.307535E-01   
 7.003038E-01    2.338960E-01   
 6.985317E-01    2.370512E-01   
 6.967397E-01    2.402193E-01   
 6.949275E-01    2.434006E-01   
 6.930949E-01    2.465952E-01   
 6.912418E-01    2.498036E-01   
 6.893679E-01    2.530258E-01   
 6.874729E-01    2.562621E-01   
 6.855567E-01    2.595128E-01   
 6.836190E-01    2.627782E-01   
 6.816596E-01    2.660585E-01   
 6.796782E-01    2.693539E-01   
 6.776746E-01    2.726649E-01   
 6.756486E-01    2.759915E-01   
 6.735998E-01    2.793341E-01   
 6.715280E-01    2.826930E-01   
 6.694331E-01    2.860685E-01   
 6.673146E-01    2.894609E-01   
 6.651723E-01    2.928705E-01   
 6.630060E-01    2.962975E-01   
 6.608153E-01    2.997423E-01   
 6.586000E-01    3.032052E-01   
 6.563598E-01    3.066865E-01   
 6.540943E-01    3.101866E-01   
 6.518034E-01    3.137057E-01   
 6.494865E-01    3.172443E-01   
 6.471436E-01    3.208026E-01   
 6.447742E-01    3.243810E-01   
 6.423779E-01    3.279798E-01   
 6.399546E-01    3.315994E-01   
 6.375038E-01    3.352402E-01   
 6.350252E-01    3.389024E-01   
 6.325184E-01    3.425866E-01   
 6.299832E-01    3.462931E-01   
 6.274191E-01    3.500221E-01   
 6.248257E-01    3.537743E-01   
 6.222028E-01    3.575498E-01   
 6.195498E-01    3.613492E-01   
 6.168665E-01    3.651728E-01   
 6.141525E-01    3.690211E-01   
 6.114073E-01    3.728944E-01   
 6.086306E-01    3.767932E-01   
 6.058219E-01    3.807179E-01   
 6.029809E-01    3.846689E-01   
 6.001070E-01    3.886467E-01   
 5.971999E-01    3.926517E-01   
 5.942592E-01    3.966844E-01   
 5.912844E-01    4.007452E-01   
 5.882750E-01    4.048345E-01   
 5.852306E-01    4.089529E-01   
 5.821508E-01    4.131008E-01   
 5.790350E-01    4.172787E-01   
 5.758828E-01    4.214870E-01   
 5.726937E-01    4.257263E-01   
 5.694673E-01    4.299970E-01   
 5.662030E-01    4.342996E-01   
 5.629003E-01    4.386347E-01   
 5.595587E-01    4.430026E-01   
 5.561778E-01    4.474041E-01   
 5.527569E-01    4.518394E-01   
 5.492955E-01    4.563093E-01   
 5.457932E-01    4.608141E-01   
 5.422494E-01    4.653544E-01   
 5.386634E-01    4.699308E-01   
 5.350349E-01    4.745437E-01   
 5.313632E-01    4.791938E-01   
 5.276476E-01    4.838815E-01   
 5.238878E-01    4.886073E-01   
 5.200831E-01    4.933719E-01   
 5.162328E-01    4.981758E-01   
 5.123365E-01    5.030195E-01   
 5.083934E-01    5.079036E-01   
 5.044031E-01    5.128286E-01   
 5.003649E-01    5.177950E-01   
 4.962781E-01    5.228035E-01   
 4.921423E-01    5.278546E-01   
 4.879566E-01    5.329488E-01   
 4.837206E-01    5.380866E-01   
 4.794336E-01    5.432687E-01   
 4.750949E-01    5.484955E-01   
 4.707039E-01    5.537677E-01   
 4.662600E-01    5.590857E-01   
 4.617625E-01    5.644501E-01   
 4.572107E-01    5.698614E-01   
 4.526041E-01    5.753201E-01   
 4.479420E-01    5.808268E-01   
 4.432237E-01    5.863820E-01   
 4.384485E-01    5.919862E-01   
 4.336159E-01    5.976399E-01   
 4.287251E-01    6.033436E-01   
 4.237755E-01    6.090977E-01   
 4.187665E-01    6.149028E-01   
 4.136974E-01    6.207592E-01   
 4.085675E-01    6.266675E-01   
 4.033762E-01    6.326280E-01   
 3.981230E-01    6.386413E-01   
 3.928071E-01    6.447076E-01   
 3.874279E-01    6.508273E-01   
 3.819848E-01    6.570009E-01   
 3.764772E-01    6.632286E-01   
 3.709045E-01    6.695108E-01   
 3.652661E-01    6.758478E-01   
 3.595614E-01    6.822398E-01   
 3.537899E-01    6.886871E-01   
 3.479509E-01    6.951899E-01   
 3.420440E-01    7.017485E-01   
 3.360687E-01    7.083629E-01   
 3.300243E-01    7.150333E-01   
 3.239105E-01    7.217597E-01   
 3.177268E-01    7.285423E-01   
 3.114726E-01    7.353811E-01   
 3.051477E-01    7.422759E-01   
 2.987515E-01    7.492268E-01   
 2.922837E-01    7.562337E-01   
 2.857440E-01    7.632963E-01   
 2.791321E-01    7.704144E-01   
 2.724476E-01    7.775879E-01   
 2.656903E-01    7.848164E-01   
 2.588600E-01    7.920995E-01   
 2.519565E-01    7.994368E-01   
 2.449797E-01    8.068277E-01   
 2.379295E-01    8.142718E-01   
 2.308058E-01    8.217684E-01   
 2.236086E-01    8.293169E-01   
 2.163380E-01    8.369163E-01   
 2.089940E-01    8.445660E-01   
 2.015768E-01    8.522650E-01   
 1.940866E-01    8.600123E-01   
 1.865237E-01    8.678068E-01   
 1.788883E-01    8.756474E-01   
 1.711809E-01    8.835327E-01   
 1.634019E-01    8.914615E-01   
 1.555518E-01    8.994323E-01   
 1.476313E-01    9.074436E-01   
 1.396409E-01    9.154936E-01   
 1.315814E-01    9.235807E-01   
 1.234537E-01    9.317031E-01   
 1.152586E-01    9.398587E-01   
 1.069971E-01    9.480455E-01   
 9.867034E-02    9.562613E-01   
 9.027944E-02    9.645038E-01   
 8.182566E-02    9.727705E-01   
 7.331036E-02    9.810590E-01   
 6.473499E-02    9.893666E-01   
 5.610112E-02    9.976904E-01   
 4.741039E-02    1.006028E+00   
 3.866457E-02    1.014375E+00   
 2.986554E-02    1.022729E+00   
 2.101528E-02    1.031088E+00   
 1.211588E-02    1.039446E+00   
 3.169571E-03    1.047802E+00   
-5.821331E-03    1.056150E+00   
-1.485437E-02    1.064488E+00   
-2.392699E-02    1.072810E+00   
-3.303649E-02    1.081114E+00   
-4.218005E-02    1.089394E+00   
-5.135474E-02    1.097647E+00   
-6.055749E-02    1.105867E+00   
-6.978512E-02    1.114051E+00   
-7.903431E-02    1.122192E+00   
-8.830162E-02    1.130287E+00   
-9.758348E-02    1.138331E+00   
-1.068762E-01    1.146317E+00   
-1.161760E-01    1.154241E+00   
-1.254788E-01    1.162097E+00   
-1.347807E-01    1.169879E+00   
-1.440774E-01    1.177583E+00   
-1.533647E-01    1.185202E+00   
-1.626382E-01    1.192730E+00   
-1.718932E-01    1.200162E+00   
-1.811252E-01    1.207490E+00   
-1.903294E-01    1.214710E+00   
-1.995010E-01    1.221815E+00   
-2.086350E-01    1.228798E+00   
-2.177264E-01    1.235654E+00   
-2.267701E-01    1.242375E+00   
-2.357608E-01    1.248956E+00   
-2.446933E-01    1.255389E+00   
-2.535623E-01    1.261669E+00   
-2.623623E-01    1.267789E+00   
-2.710879E-01    1.273743E+00   
-2.797335E-01    1.279524E+00   
-2.882936E-01    1.285125E+00   
-2.967627E-01    1.290540E+00   
-3.051351E-01    1.295763E+00   
-3.134052E-01    1.300787E+00   
-3.215675E-01    1.305607E+00   
-3.296163E-01    1.310216E+00   
-3.375461E-01    1.314608E+00   
-3.453513E-01    1.318777E+00   
-3.530264E-01    1.322718E+00   
-3.605658E-01    1.326424E+00   
-3.679644E-01    1.329891E+00   
-3.752166E-01    1.333113E+00   
-3.823173E-01    1.336085E+00   
-3.892612E-01    1.338802E+00   
-3.960435E-01    1.341259E+00   
-4.026590E-01    1.343452E+00   
-4.091031E-01    1.345377E+00   
-4.153711E-01    1.347029E+00   
-4.214584E-01    1.348405E+00   
-4.273607E-01    1.349502E+00   
-4.330739E-01    1.350316E+00   
-4.385938E-01    1.350845E+00   
-4.439167E-01    1.351085E+00   
-4.490389E-01    1.351035E+00   
-4.539571E-01    1.350692E+00   
-4.586681E-01    1.350056E+00   
-4.631688E-01    1.349124E+00   
-4.674565E-01    1.347896E+00   
-4.715287E-01    1.346372E+00   
-4.753831E-01    1.344550E+00   
-4.790177E-01    1.342431E+00   
-4.824308E-01    1.340016E+00   
-4.856207E-01    1.337305E+00   
-4.885862E-01    1.334299E+00   
-4.913264E-01    1.331000E+00   
-4.938404E-01    1.327410E+00   
-4.961279E-01    1.323530E+00   
-4.981885E-01    1.319364E+00   
-5.000224E-01    1.314914E+00   
-5.016298E-01    1.310184E+00   
-5.030114E-01    1.305176E+00   
-5.041679E-01    1.299895E+00   
-5.051004E-01    1.294345E+00   
-5.058103E-01    1.288530E+00   
-5.062992E-01    1.282454E+00   
-5.065689E-01    1.276124E+00   
-5.066213E-01    1.269544E+00   
-5.064590E-01    1.262719E+00   
-5.060842E-01    1.255655E+00   
-5.054998E-01    1.248359E+00   
-5.047087E-01    1.240836E+00   
-5.037140E-01    1.233092E+00   
-5.025191E-01    1.225135E+00   
-5.011274E-01    1.216971E+00   
-4.995426E-01    1.208606E+00   
-4.977685E-01    1.200048E+00   
-4.958092E-01    1.191304E+00   
-4.936687E-01    1.182381E+00   
-4.913513E-01    1.173287E+00   
-4.888614E-01    1.164028E+00   
-4.862034E-01    1.154612E+00   
-4.833821E-01    1.145048E+00   
-4.804019E-01    1.135341E+00   
-4.772678E-01    1.125501E+00   
-4.739844E-01    1.115533E+00   
-4.705568E-01    1.105447E+00   
-4.669898E-01    1.095250E+00   
-4.632884E-01    1.084949E+00   
-4.594576E-01    1.074551E+00   
-4.555024E-01    1.064064E+00   
-4.514280E-01    1.053496E+00   
-4.472392E-01    1.042853E+00   
-4.429411E-01    1.032143E+00   
-4.385388E-01    1.021374E+00   
-4.340372E-01    1.010551E+00   
-4.294413E-01    9.996818E-01   
-4.247561E-01    9.887735E-01   
-4.199863E-01    9.778323E-01   
-4.151368E-01    9.668649E-01   
-4.102124E-01    9.558776E-01   
-4.052178E-01    9.448765E-01   
-4.001576E-01    9.338679E-01   
-3.950364E-01    9.228575E-01   
-3.898587E-01    9.118510E-01   
-3.846289E-01    9.008542E-01   
-3.793513E-01    8.898723E-01   
-3.740301E-01    8.789106E-01   
-3.686695E-01    8.679743E-01   
-3.632734E-01    8.570680E-01   
-3.578459E-01    8.461967E-01   
-3.523908E-01    8.353648E-01   
-3.469118E-01    8.245768E-01   
-3.414126E-01    8.138367E-01   
-3.358966E-01    8.031487E-01   
-3.303674E-01    7.925166E-01   
-3.248282E-01    7.819440E-01   
-3.192822E-01    7.714345E-01   
-3.137325E-01    7.609914E-01   
-3.081822E-01    7.506179E-01   
-3.026342E-01    7.403170E-01   
-2.970911E-01    7.300915E-01   
-2.915557E-01    7.199442E-01   
-2.860306E-01    7.098776E-01   
-2.805182E-01    6.998940E-01   
-2.750209E-01    6.899957E-01   
-2.695410E-01    6.801848E-01   
-2.640806E-01    6.704632E-01   
-2.586418E-01    6.608327E-01   
-2.532266E-01    6.512950E-01   
-2.478368E-01    6.418517E-01   
-2.424743E-01    6.325041E-01   
-2.371406E-01    6.232535E-01   
-2.318375E-01    6.141011E-01   
-2.265665E-01    6.050480E-01   
-2.213289E-01    5.960951E-01   
-2.161261E-01    5.872432E-01   
-2.109595E-01    5.784930E-01   
-2.058301E-01    5.698452E-01   
-2.007391E-01    5.613003E-01   
-1.956876E-01    5.528587E-01   
-1.906764E-01    5.445208E-01   
-1.857066E-01    5.362867E-01   
-1.807789E-01    5.281568E-01   
-1.758941E-01    5.201311E-01   
-1.710530E-01    5.122096E-01   
-1.662561E-01    5.043922E-01   
-1.615040E-01    4.966789E-01   
-1.567973E-01    4.890695E-01   
-1.521365E-01    4.815636E-01   
-1.475220E-01    4.741611E-01   
-1.429541E-01    4.668615E-01   
-1.384332E-01    4.596645E-01   
-1.339595E-01    4.525695E-01   
-1.295334E-01    4.455760E-01   
-1.251549E-01    4.386836E-01   
-1.208243E-01    4.318916E-01   
-1.165416E-01    4.251993E-01   
-1.123070E-01    4.186061E-01   
-1.081205E-01    4.121114E-01   
-1.039821E-01    4.057142E-01   
-9.989180E-02    3.994140E-01   
-9.584950E-02    3.932098E-01   
-9.185515E-02    3.871009E-01   
-8.790866E-02    3.810864E-01   
-8.400988E-02    3.751654E-01   
-8.015865E-02    3.693372E-01   
-7.635481E-02    3.636006E-01   
-7.259816E-02    3.579549E-01   
-6.888846E-02    3.523991E-01   
-6.522549E-02    3.469322E-01   
-6.160898E-02    3.415534E-01   
-5.803866E-02    3.362615E-01   
-5.451425E-02    3.310557E-01   
-5.103542E-02    3.259349E-01   
-4.760188E-02    3.208981E-01   
-4.421329E-02    3.159444E-01   
-4.086930E-02    3.110727E-01   
-3.756956E-02    3.062821E-01   
-3.431370E-02    3.015714E-01   
-3.110136E-02    2.969398E-01   
-2.793215E-02    2.923862E-01   
-2.480568E-02    2.879095E-01   
-2.172156E-02    2.835089E-01   
-1.867938E-02    2.791831E-01   
-1.567874E-02    2.749313E-01   
-1.271921E-02    2.707525E-01   
-9.800387E-03    2.666456E-01   
-6.921843E-03    2.626097E-01   
-4.083153E-03    2.586437E-01   
-1.283889E-03    2.547467E-01   
 1.476381E-03    2.509177E-01   
 4.198090E-03    2.471557E-01   
 6.881672E-03    2.434597E-01   
 9.527563E-03    2.398289E-01   
 1.213620E-02    2.362622E-01   
 1.470802E-02    2.327587E-01   
 1.724346E-02    2.293174E-01   
 1.974295E-02    2.259375E-01   
 2.220694E-02    2.226180E-01   
 2.463585E-02    2.193580E-01   
 2.703013E-02    2.161567E-01   
 2.939019E-02    2.130130E-01   
 3.171649E-02    2.099262E-01   
 3.400943E-02    2.068953E-01   
 3.626946E-02    2.039195E-01   
 3.849699E-02    2.009980E-01   
 4.069245E-02    1.981299E-01   
 4.285626E-02    1.953144E-01   
 4.498883E-02    1.925506E-01   
 4.709057E-02    1.898377E-01   
 4.916191E-02    1.871750E-01   
 5.120324E-02    1.845616E-01   
 5.321497E-02    1.819968E-01   
 5.519749E-02    1.794797E-01   
 5.715122E-02    1.770097E-01   
 5.907653E-02    1.745860E-01   
 6.097382E-02    1.722078E-01   
 6.284348E-02    1.698745E-01   
 6.468589E-02    1.675852E-01   
 6.650142E-02    1.653393E-01   
 6.829045E-02    1.631361E-01   
 7.005335E-02    1.609748E-01   
 7.179048E-02    1.588549E-01   
 7.350221E-02    1.567756E-01   
 7.518890E-02    1.547364E-01   
 7.685089E-02    1.527364E-01   
 7.848854E-02    1.507751E-01   
 8.010219E-02    1.488519E-01   
 8.169219E-02    1.469662E-01   
 8.325886E-02    1.451173E-01   
 8.480255E-02    1.433046E-01   
 8.632358E-02    1.415275E-01   
 8.782227E-02    1.397855E-01   
 8.929895E-02    1.380780E-01   
 9.075393E-02    1.364044E-01   
 9.218752E-02    1.347642E-01   
 9.360003E-02    1.331568E-01   
 9.499176E-02    1.315817E-01   
 9.636301E-02    1.300383E-01   
 9.771408E-02    1.285261E-01   
 9.904526E-02    1.270447E-01   
 1.003568E-01    1.255934E-01   
 1.016491E-01    1.241719E-01   
 1.029223E-01    1.227796E-01   
 1.041767E-01    1.214161E-01   
 1.054127E-01    1.200808E-01   
 1.066304E-01    1.187733E-01   
 1.078301E-01    1.174932E-01   
 1.090121E-01    1.162400E-01   
 1.101767E-01    1.150133E-01   
 1.113241E-01    1.138126E-01   
 1.124545E-01    1.126374E-01   
 1.135682E-01    1.114875E-01   
 1.146654E-01    1.103623E-01   
 1.157464E-01    1.092615E-01   
 1.168114E-01    1.081847E-01   
 1.178607E-01    1.071314E-01   
 1.188944E-01    1.061014E-01   
 1.199128E-01    1.050941E-01   
 1.209161E-01    1.041092E-01   
 1.219045E-01    1.031465E-01   
 1.228782E-01    1.022054E-01   
 1.238375E-01    1.012857E-01   
 1.247825E-01    1.003870E-01   
 1.257135E-01    9.950891E-02   
 1.266306E-01    9.865118E-02   
 1.275341E-01    9.781344E-02   
 1.284241E-01    9.699537E-02   
 1.293009E-01    9.619665E-02   
 1.301645E-01    9.541697E-02   
 1.310153E-01    9.465601E-02   
 1.318534E-01    9.391346E-02   
 1.326789E-01    9.318904E-02   
 1.334921E-01    9.248245E-02   
 1.342931E-01    9.179340E-02   
 1.350821E-01    9.112161E-02   
 1.358593E-01    9.046679E-02   
 1.366248E-01    8.982868E-02   
 1.373788E-01    8.920700E-02   
 1.381214E-01    8.860149E-02   
 1.388528E-01    8.801189E-02   
 1.395732E-01    8.743794E-02   
 1.402828E-01    8.687939E-02   
 1.409815E-01    8.633600E-02   
 1.416697E-01    8.580751E-02   
 1.423475E-01    8.529370E-02   
 1.430150E-01    8.479432E-02   
 1.436723E-01    8.430915E-02   
 1.443196E-01    8.383795E-02   
 1.449571E-01    8.338052E-02   
 1.455848E-01    8.293661E-02   
 1.462028E-01    8.250603E-02   
 1.468115E-01    8.208855E-02   
 1.474107E-01    8.168397E-02   
 1.480008E-01    8.129208E-02   
 1.485817E-01    8.091269E-02   
 1.491537E-01    8.054558E-02   
 1.497168E-01    8.019058E-02   
 1.502712E-01    7.984748E-02   
 1.508170E-01    7.951610E-02   
 1.513543E-01    7.919626E-02   
 1.518832E-01    7.888776E-02   
 1.524038E-01    7.859043E-02   
 1.529162E-01    7.830410E-02   
 1.534206E-01    7.802860E-02   
 1.539170E-01    7.776374E-02   
 1.544056E-01    7.750936E-02   
 1.548865E-01    7.726531E-02   
 1.553597E-01    7.703141E-02   
 1.558253E-01    7.680750E-02   
 1.562836E-01    7.659344E-02   
 1.567344E-01    7.638906E-02   
 1.571781E-01    7.619422E-02   
 1.576145E-01    7.600876E-02   
 1.580439E-01    7.583255E-02   
 1.584664E-01    7.566542E-02   
 1.588819E-01    7.550725E-02   
 1.592907E-01    7.535789E-02   
 1.596927E-01    7.521720E-02   
 1.600881E-01    7.508506E-02   
 1.604770E-01    7.496132E-02   
 1.608595E-01    7.484586E-02   
 1.612355E-01    7.473854E-02   
 1.616053E-01    7.463925E-02   
 1.619689E-01    7.454785E-02   
 1.623263E-01    7.446423E-02   
 1.626776E-01    7.438826E-02   
 1.630230E-01    7.431982E-02   
 1.633625E-01    7.425880E-02   
 1.636961E-01    7.420509E-02   
 1.640240E-01    7.415856E-02   
 1.643462E-01    7.411912E-02   
 1.646627E-01    7.408664E-02   
 1.649738E-01    7.406102E-02   
 1.652793E-01    7.404216E-02   
 1.655794E-01    7.402996E-02   
 1.658742E-01    7.402430E-02   
 1.661636E-01    7.402508E-02   
 1.664479E-01    7.403222E-02   
 1.667270E-01    7.404561E-02   
 1.670010E-01    7.406515E-02   
 1.672700E-01    7.409074E-02   
 1.675340E-01    7.412231E-02   
 1.677931E-01    7.415975E-02   
 1.680473E-01    7.420297E-02   
 1.682967E-01    7.425188E-02   
 1.685414E-01    7.430641E-02   
 1.687814E-01    7.436645E-02   
 1.690168E-01    7.443192E-02   
 1.692476E-01    7.450275E-02   
 1.694739E-01    7.457885E-02   
 1.696957E-01    7.466014E-02   
 1.699131E-01    7.474653E-02   
 1.701262E-01    7.483795E-02   
 1.703349E-01    7.493433E-02   
 1.705394E-01    7.503558E-02   
 1.707396E-01    7.514163E-02   
 1.709357E-01    7.525240E-02   
 1.711277E-01    7.536783E-02   
 1.713156E-01    7.548785E-02   
 1.714994E-01    7.561237E-02   
 1.716793E-01    7.574133E-02   
 1.718553E-01    7.587467E-02   
 1.720274E-01    7.601231E-02   
 1.721956E-01    7.615419E-02   
 1.723601E-01    7.630025E-02   
 1.725207E-01    7.645041E-02   
 1.726777E-01    7.660462E-02   
 1.728310E-01    7.676281E-02   
 1.729807E-01    7.692492E-02   
 1.731267E-01    7.709089E-02   
 1.732693E-01    7.726066E-02   
 1.734083E-01    7.743417E-02   
 1.735438E-01    7.761136E-02   
 1.736759E-01    7.779217E-02   
 1.738046E-01    7.797656E-02   
 1.739299E-01    7.816446E-02   
 1.740520E-01    7.835581E-02   
 1.741707E-01    7.855057E-02   
 1.742862E-01    7.874868E-02   
 1.743984E-01    7.895009E-02   
 1.745075E-01    7.915474E-02   
 1.746135E-01    7.936259E-02   
 1.747163E-01    7.957358E-02   
 1.748161E-01    7.978767E-02   
 1.749128E-01    8.000481E-02   
 1.750065E-01    8.022494E-02   
 1.750972E-01    8.044802E-02   
 1.751849E-01    8.067400E-02   
