 0.000000E+00    0.000000E+00   
-1.952202E-04   -9.761243E-05   
-3.904402E-04   -1.952248E-04   
-5.856598E-04   -2.928369E-04   
-7.808788E-04   -3.904487E-04   
-9.760970E-04   -4.880602E-04   
-1.171314E-03   -5.856711E-04   
-1.366530E-03   -6.832815E-04   
-1.561745E-03   -7.808912E-04   
-1.756958E-03   -8.785001E-04   
-1.952170E-03   -9.761081E-04   
-2.147379E-03   -1.073715E-03   
-2.342586E-03   -1.171321E-03   
-2.537791E-03   -1.268926E-03   
-2.732994E-03   -1.366529E-03   
-2.928193E-03   -1.464132E-03   
-3.123390E-03   -1.561732E-03   
-3.318584E-03   -1.659331E-03   
-3.513774E-03   -1.756929E-03   
-3.708961E-03   -1.854525E-03   
-3.904144E-03   -1.952118E-03   
-4.099323E-03   -2.049710E-03   
-4.294498E-03   -2.147300E-03   
-4.489668E-03   -2.244888E-03   
-4.684835E-03   -2.342473E-03   
-4.879996E-03   -2.440056E-03   
-5.075153E-03   -2.537637E-03   
-5.270304E-03   -2.635215E-03   
-5.465451E-03   -2.732791E-03   
-5.660591E-03   -2.830363E-03   
-5.855726E-03   -2.927933E-03   
-6.050856E-03   -3.025500E-03   
-6.245979E-03   -3.123064E-03   
-6.441096E-03   -3.220625E-03   
-6.636206E-03   -3.318182E-03   
-6.831310E-03   -3.415737E-03   
-7.026407E-03   -3.513287E-03   
-7.221497E-03   -3.610835E-03   
-7.416580E-03   -3.708378E-03   
-7.611655E-03   -3.805918E-03   
-7.806722E-03   -3.903455E-03   
-8.001782E-03   -4.000987E-03   
-8.196834E-03   -4.098515E-03   
-8.391878E-03   -4.196039E-03   
-8.586913E-03   -4.293559E-03   
-8.781939E-03   -4.391075E-03   
-8.976957E-03   -4.488586E-03   
-9.171966E-03   -4.586093E-03   
-9.366965E-03   -4.683595E-03   
-9.561956E-03   -4.781092E-03   
-9.756936E-03   -4.878585E-03   
-9.951907E-03   -4.976073E-03   
-1.014687E-02   -5.073555E-03   
-1.034182E-02   -5.171033E-03   
-1.053676E-02   -5.268505E-03   
-1.073169E-02   -5.365973E-03   
-1.092661E-02   -5.463435E-03   
-1.112152E-02   -5.560891E-03   
-1.131641E-02   -5.658342E-03   
-1.151130E-02   -5.755787E-03   
-1.170617E-02   -5.853226E-03   
-1.190103E-02   -5.950660E-03   
-1.209589E-02   -6.048087E-03   
-1.229072E-02   -6.145509E-03   
-1.248555E-02   -6.242924E-03   
-1.268036E-02   -6.340333E-03   
-1.287516E-02   -6.437736E-03   
-1.306995E-02   -6.535132E-03   
-1.326473E-02   -6.632522E-03   
-1.345949E-02   -6.729905E-03   
-1.365424E-02   -6.827281E-03   
-1.384897E-02   -6.924651E-03   
-1.404369E-02   -7.022013E-03   
-1.423840E-02   -7.119369E-03   
-1.443309E-02   -7.216717E-03   
-1.462777E-02   -7.314058E-03   
-1.482243E-02   -7.411392E-03   
-1.501708E-02   -7.508718E-03   
-1.521171E-02   -7.606037E-03   
-1.540633E-02   -7.703348E-03   
-1.560093E-02   -7.800652E-03   
-1.579552E-02   -7.897948E-03   
-1.599009E-02   -7.995235E-03   
-1.618464E-02   -8.092515E-03   
-1.637918E-02   -8.189787E-03   
-1.657370E-02   -8.287050E-03   
-1.676821E-02   -8.384305E-03   
-1.696270E-02   -8.481552E-03   
-1.715717E-02   -8.578790E-03   
-1.735163E-02   -8.676020E-03   
-1.754606E-02   -8.773241E-03   
-1.774048E-02   -8.870453E-03   
-1.793488E-02   -8.967657E-03   
-1.812927E-02   -9.064851E-03   
-1.832363E-02   -9.162036E-03   
-1.851798E-02   -9.259212E-03   
-1.871231E-02   -9.356379E-03   
-1.890662E-02   -9.453536E-03   
-1.910091E-02   -9.550684E-03   
-1.929518E-02   -9.647822E-03   
-1.948944E-02   -9.744951E-03   
-1.968367E-02   -9.842070E-03   
-1.987788E-02   -9.939179E-03   
-2.007208E-02   -1.003628E-02   
-2.026625E-02   -1.013337E-02   
-2.046040E-02   -1.023045E-02   
-2.065454E-02   -1.032751E-02   
-2.084865E-02   -1.042457E-02   
-2.104274E-02   -1.052162E-02   
-2.123681E-02   -1.061866E-02   
-2.143086E-02   -1.071568E-02   
-2.162488E-02   -1.081270E-02   
-2.181889E-02   -1.090971E-02   
-2.201287E-02   -1.100670E-02   
-2.220684E-02   -1.110368E-02   
-2.240077E-02   -1.120066E-02   
-2.259469E-02   -1.129762E-02   
-2.278859E-02   -1.139457E-02   
-2.298246E-02   -1.149150E-02   
-2.317631E-02   -1.158843E-02   
-2.337013E-02   -1.168534E-02   
-2.356393E-02   -1.178225E-02   
-2.375771E-02   -1.187914E-02   
-2.395147E-02   -1.197602E-02   
-2.414520E-02   -1.207289E-02   
-2.433890E-02   -1.216974E-02   
-2.453258E-02   -1.226659E-02   
-2.472624E-02   -1.236342E-02   
-2.491987E-02   -1.246023E-02   
-2.511348E-02   -1.255704E-02   
-2.530706E-02   -1.265383E-02   
-2.550062E-02   -1.275061E-02   
-2.569415E-02   -1.284738E-02   
-2.588766E-02   -1.294414E-02   
-2.608114E-02   -1.304088E-02   
-2.627459E-02   -1.313761E-02   
-2.646802E-02   -1.323433E-02   
-2.666142E-02   -1.333103E-02   
-2.685479E-02   -1.342772E-02   
-2.704814E-02   -1.352439E-02   
-2.724146E-02   -1.362106E-02   
-2.743475E-02   -1.371770E-02   
-2.762802E-02   -1.381434E-02   
-2.782125E-02   -1.391096E-02   
-2.801446E-02   -1.400757E-02   
-2.820765E-02   -1.410416E-02   
-2.840080E-02   -1.420074E-02   
-2.859392E-02   -1.429730E-02   
-2.878702E-02   -1.439385E-02   
-2.898009E-02   -1.449039E-02   
-2.917313E-02   -1.458691E-02   
-2.936613E-02   -1.468342E-02   
-2.955911E-02   -1.477991E-02   
-2.975206E-02   -1.487639E-02   
-2.994498E-02   -1.497285E-02   
-3.013787E-02   -1.506930E-02   
-3.033073E-02   -1.516573E-02   
-3.052356E-02   -1.526215E-02   
-3.071636E-02   -1.535855E-02   
-3.090913E-02   -1.545494E-02   
-3.110187E-02   -1.555131E-02   
-3.129458E-02   -1.564766E-02   
-3.148725E-02   -1.574400E-02   
-3.167989E-02   -1.584033E-02   
-3.187250E-02   -1.593663E-02   
-3.206508E-02   -1.603293E-02   
-3.225763E-02   -1.612920E-02   
-3.245015E-02   -1.622546E-02   
-3.264263E-02   -1.632170E-02   
-3.283508E-02   -1.641793E-02   
-3.302750E-02   -1.651414E-02   
-3.321988E-02   -1.661034E-02   
-3.341223E-02   -1.670651E-02   
-3.360455E-02   -1.680268E-02   
-3.379683E-02   -1.689882E-02   
-3.398908E-02   -1.699495E-02   
-3.418130E-02   -1.709106E-02   
-3.437348E-02   -1.718715E-02   
-3.456562E-02   -1.728323E-02   
-3.475774E-02   -1.737928E-02   
-3.494981E-02   -1.747532E-02   
-3.514186E-02   -1.757135E-02   
-3.533386E-02   -1.766735E-02   
-3.552584E-02   -1.776334E-02   
-3.571777E-02   -1.785931E-02   
-3.590967E-02   -1.795526E-02   
-3.610154E-02   -1.805120E-02   
-3.629336E-02   -1.814712E-02   
-3.648516E-02   -1.824301E-02   
-3.667691E-02   -1.833889E-02   
-3.686863E-02   -1.843476E-02   
-3.706031E-02   -1.853060E-02   
-3.725196E-02   -1.862642E-02   
-3.744356E-02   -1.872223E-02   
-3.763513E-02   -1.881802E-02   
-3.782666E-02   -1.891378E-02   
-3.801816E-02   -1.900953E-02   
-3.820961E-02   -1.910526E-02   
-3.840103E-02   -1.920097E-02   
-3.859241E-02   -1.929667E-02   
-3.878375E-02   -1.939234E-02   
-3.897505E-02   -1.948799E-02   
-3.916632E-02   -1.958363E-02   
-3.935754E-02   -1.967924E-02   
-3.954872E-02   -1.977483E-02   
-3.973987E-02   -1.987041E-02   
-3.993097E-02   -1.996596E-02   
-4.012204E-02   -2.006150E-02   
-4.031306E-02   -2.015701E-02   
-4.050404E-02   -2.025251E-02   
-4.069499E-02   -2.034798E-02   
-4.088589E-02   -2.044343E-02   
-4.107675E-02   -2.053887E-02   
-4.126757E-02   -2.063428E-02   
-4.145835E-02   -2.072967E-02   
-4.164909E-02   -2.082504E-02   
-4.183978E-02   -2.092039E-02   
-4.203044E-02   -2.101572E-02   
-4.222105E-02   -2.111103E-02   
-4.241162E-02   -2.120632E-02   
-4.260214E-02   -2.130158E-02   
-4.279263E-02   -2.139683E-02   
-4.298307E-02   -2.149205E-02   
-4.317347E-02   -2.158725E-02   
-4.336382E-02   -2.168243E-02   
-4.355413E-02   -2.177759E-02   
-4.374440E-02   -2.187272E-02   
-4.393463E-02   -2.196784E-02   
-4.412481E-02   -2.206293E-02   
-4.431494E-02   -2.215800E-02   
-4.450503E-02   -2.225305E-02   
-4.469508E-02   -2.234807E-02   
-4.488508E-02   -2.244308E-02   
-4.507504E-02   -2.253806E-02   
-4.526495E-02   -2.263302E-02   
-4.545482E-02   -2.272795E-02   
-4.564464E-02   -2.282286E-02   
-4.583441E-02   -2.291775E-02   
-4.602414E-02   -2.301262E-02   
-4.621383E-02   -2.310747E-02   
-4.640346E-02   -2.320229E-02   
-4.659305E-02   -2.329708E-02   
-4.678260E-02   -2.339186E-02   
-4.697209E-02   -2.348661E-02   
-4.716154E-02   -2.358134E-02   
-4.735095E-02   -2.367604E-02   
-4.754030E-02   -2.377072E-02   
-4.772961E-02   -2.386537E-02   
-4.791887E-02   -2.396001E-02   
-4.810808E-02   -2.405462E-02   
-4.829724E-02   -2.414920E-02   
-4.848636E-02   -2.424376E-02   
-4.867542E-02   -2.433829E-02   
-4.886444E-02   -2.443281E-02   
-4.905341E-02   -2.452729E-02   
-4.924233E-02   -2.462175E-02   
-4.943120E-02   -2.471619E-02   
-4.962002E-02   -2.481060E-02   
-4.980879E-02   -2.490499E-02   
-4.999751E-02   -2.499935E-02   
-5.018618E-02   -2.509369E-02   
-5.037480E-02   -2.518800E-02   
-5.056338E-02   -2.528229E-02   
-5.075189E-02   -2.537655E-02   
-5.094036E-02   -2.547079E-02   
-5.112878E-02   -2.556500E-02   
-5.131715E-02   -2.565919E-02   
-5.150546E-02   -2.575335E-02   
-5.169373E-02   -2.584748E-02   
-5.188194E-02   -2.594159E-02   
-5.207010E-02   -2.603567E-02   
-5.225820E-02   -2.612973E-02   
-5.244626E-02   -2.622376E-02   
-5.263426E-02   -2.631776E-02   
-5.282221E-02   -2.641174E-02   
-5.301011E-02   -2.650569E-02   
-5.319795E-02   -2.659961E-02   
-5.338574E-02   -2.669351E-02   
-5.357348E-02   -2.678738E-02   
-5.376116E-02   -2.688122E-02   
-5.394879E-02   -2.697504E-02   
-5.413637E-02   -2.706883E-02   
-5.432389E-02   -2.716259E-02   
-5.451135E-02   -2.725633E-02   
-5.469877E-02   -2.735004E-02   
-5.488612E-02   -2.744372E-02   
-5.507343E-02   -2.753737E-02   
-5.526067E-02   -2.763100E-02   
-5.544786E-02   -2.772459E-02   
-5.563500E-02   -2.781816E-02   
-5.582208E-02   -2.791171E-02   
-5.600910E-02   -2.800522E-02   
-5.619607E-02   -2.809871E-02   
-5.638298E-02   -2.819217E-02   
-5.656984E-02   -2.828560E-02   
-5.675664E-02   -2.837900E-02   
-5.694338E-02   -2.847237E-02   
-5.713007E-02   -2.856572E-02   
-5.731669E-02   -2.865903E-02   
-5.750326E-02   -2.875232E-02   
-5.768978E-02   -2.884558E-02   
-5.787623E-02   -2.893881E-02   
-5.806263E-02   -2.903201E-02   
-5.824897E-02   -2.912518E-02   
-5.843525E-02   -2.921832E-02   
-5.862147E-02   -2.931143E-02   
-5.880763E-02   -2.940452E-02   
-5.899373E-02   -2.949757E-02   
-5.917978E-02   -2.959060E-02   
-5.936577E-02   -2.968359E-02   
-5.955169E-02   -2.977656E-02   
-5.973756E-02   -2.986949E-02   
-5.992336E-02   -2.996240E-02   
-6.010911E-02   -3.005527E-02   
-6.029480E-02   -3.014812E-02   
-6.048042E-02   -3.024093E-02   
-6.066599E-02   -3.033372E-02   
-6.085149E-02   -3.042647E-02   
-6.103694E-02   -3.051920E-02   
-6.122232E-02   -3.061189E-02   
-6.140764E-02   -3.070455E-02   
-6.159290E-02   -3.079719E-02   
-6.177810E-02   -3.088979E-02   
-6.196323E-02   -3.098236E-02   
-6.214831E-02   -3.107490E-02   
-6.233332E-02   -3.116740E-02   
-6.251827E-02   -3.125988E-02   
-6.270315E-02   -3.135233E-02   
-6.288798E-02   -3.144474E-02   
-6.307274E-02   -3.153712E-02   
-6.325743E-02   -3.162947E-02   
-6.344207E-02   -3.172179E-02   
-6.362664E-02   -3.181408E-02   
-6.381115E-02   -3.190634E-02   
-6.399559E-02   -3.199856E-02   
-6.417997E-02   -3.209075E-02   
-6.436428E-02   -3.218291E-02   
-6.454853E-02   -3.227504E-02   
-6.473272E-02   -3.236713E-02   
-6.491684E-02   -3.245919E-02   
-6.510089E-02   -3.255122E-02   
-6.528488E-02   -3.264322E-02   
-6.546881E-02   -3.273519E-02   
-6.565267E-02   -3.282712E-02   
-6.583646E-02   -3.291902E-02   
-6.602019E-02   -3.301088E-02   
-6.620385E-02   -3.310271E-02   
-6.638744E-02   -3.319451E-02   
-6.657097E-02   -3.328628E-02   
-6.675443E-02   -3.337801E-02   
-6.693783E-02   -3.346971E-02   
-6.712115E-02   -3.356138E-02   
-6.730441E-02   -3.365301E-02   
-6.748761E-02   -3.374461E-02   
-6.767073E-02   -3.383617E-02   
-6.785379E-02   -3.392771E-02   
-6.803678E-02   -3.401920E-02   
-6.821970E-02   -3.411066E-02   
-6.840255E-02   -3.420209E-02   
-6.858534E-02   -3.429349E-02   
-6.876805E-02   -3.438485E-02   
-6.895070E-02   -3.447617E-02   
-6.913328E-02   -3.456746E-02   
-6.931578E-02   -3.465872E-02   
-6.949822E-02   -3.474994E-02   
-6.968059E-02   -3.484113E-02   
-6.986289E-02   -3.493228E-02   
-7.004512E-02   -3.502340E-02   
-7.022728E-02   -3.511448E-02   
-7.040937E-02   -3.520553E-02   
-7.059139E-02   -3.529654E-02   
-7.077334E-02   -3.538751E-02   
-7.095521E-02   -3.547845E-02   
-7.113702E-02   -3.556936E-02   
-7.131875E-02   -3.566023E-02   
-7.150042E-02   -3.575106E-02   
-7.168201E-02   -3.584186E-02   
-7.186353E-02   -3.593262E-02   
-7.204497E-02   -3.602335E-02   
-7.222635E-02   -3.611404E-02   
-7.240765E-02   -3.620469E-02   
-7.258888E-02   -3.629531E-02   
-7.277004E-02   -3.638589E-02   
-7.295112E-02   -3.647643E-02   
-7.313213E-02   -3.656694E-02   
-7.331307E-02   -3.665741E-02   
-7.349394E-02   -3.674785E-02   
-7.367473E-02   -3.683825E-02   
-7.385545E-02   -3.692861E-02   
-7.403609E-02   -3.701893E-02   
-7.421666E-02   -3.710922E-02   
-7.439715E-02   -3.719947E-02   
-7.457757E-02   -3.728968E-02   
-7.475792E-02   -3.737985E-02   
-7.493819E-02   -3.746999E-02   
-7.511839E-02   -3.756009E-02   
-7.529851E-02   -3.765015E-02   
-7.547855E-02   -3.774018E-02   
-7.565852E-02   -3.783016E-02   
-7.583841E-02   -3.792011E-02   
-7.601823E-02   -3.801002E-02   
-7.619797E-02   -3.809990E-02   
-7.637764E-02   -3.818973E-02   
-7.655722E-02   -3.827953E-02   
-7.673674E-02   -3.836929E-02   
-7.691617E-02   -3.845900E-02   
-7.709553E-02   -3.854869E-02   
-7.727481E-02   -3.863833E-02   
-7.745401E-02   -3.872793E-02   
-7.763314E-02   -3.881750E-02   
-7.781218E-02   -3.890702E-02   
-7.799115E-02   -3.899651E-02   
-7.817005E-02   -3.908596E-02   
-7.834886E-02   -3.917537E-02   
-7.852759E-02   -3.926474E-02   
-7.870625E-02   -3.935407E-02   
-7.888483E-02   -3.944336E-02   
-7.906332E-02   -3.953261E-02   
-7.924174E-02   -3.962182E-02   
-7.942008E-02   -3.971099E-02   
-7.959834E-02   -3.980012E-02   
-7.977652E-02   -3.988921E-02   
-7.995462E-02   -3.997827E-02   
-8.013264E-02   -4.006728E-02   
-8.031058E-02   -4.015625E-02   
-8.048844E-02   -4.024518E-02   
-8.066622E-02   -4.033407E-02   
-8.084392E-02   -4.042292E-02   
-8.102153E-02   -4.051174E-02   
-8.119907E-02   -4.060051E-02   
-8.137652E-02   -4.068923E-02   
-8.155390E-02   -4.077792E-02   
-8.173119E-02   -4.086657E-02   
-8.190840E-02   -4.095518E-02   
-8.208552E-02   -4.104374E-02   
-8.226257E-02   -4.113227E-02   
-8.243953E-02   -4.122075E-02   
-8.261641E-02   -4.130919E-02   
-8.279321E-02   -4.139759E-02   
-8.296992E-02   -4.148595E-02   
-8.314655E-02   -4.157427E-02   
-8.332310E-02   -4.166255E-02   
-8.349956E-02   -4.175078E-02   
-8.367594E-02   -4.183897E-02   
-8.385224E-02   -4.192712E-02   
-8.402845E-02   -4.201523E-02   
-8.420458E-02   -4.210330E-02   
-8.438062E-02   -4.219132E-02   
-8.455658E-02   -4.227930E-02   
-8.473246E-02   -4.236724E-02   
-8.490825E-02   -4.245514E-02   
-8.508395E-02   -4.254299E-02   
-8.525957E-02   -4.263081E-02   
-8.543511E-02   -4.271857E-02   
-8.561055E-02   -4.280630E-02   
-8.578592E-02   -4.289398E-02   
-8.596119E-02   -4.298162E-02   
-8.613638E-02   -4.306922E-02   
-8.631149E-02   -4.315678E-02   
-8.648651E-02   -4.324429E-02   
-8.666144E-02   -4.333175E-02   
-8.683628E-02   -4.341918E-02   
-8.701104E-02   -4.350656E-02   
-8.718571E-02   -4.359390E-02   
-8.736029E-02   -4.368119E-02   
-8.753479E-02   -4.376844E-02   
-8.770919E-02   -4.385565E-02   
-8.788351E-02   -4.394281E-02   
-8.805774E-02   -4.402992E-02   
-8.823189E-02   -4.411700E-02   
-8.840594E-02   -4.420403E-02   
-8.857991E-02   -4.429101E-02   
-8.875379E-02   -4.437795E-02   
-8.892757E-02   -4.446485E-02   
-8.910127E-02   -4.455170E-02   
-8.927488E-02   -4.463851E-02   
-8.944841E-02   -4.472527E-02   
-8.962184E-02   -4.481199E-02   
-8.979518E-02   -4.489866E-02   
-8.996843E-02   -4.498529E-02   
-9.014159E-02   -4.507187E-02   
-9.031466E-02   -4.515841E-02   
-9.048764E-02   -4.524490E-02   
-9.066053E-02   -4.533135E-02   
-9.083333E-02   -4.541775E-02   
-9.100604E-02   -4.550411E-02   
-9.117865E-02   -4.559042E-02   
-9.135118E-02   -4.567668E-02   
-9.152361E-02   -4.576290E-02   
-9.169595E-02   -4.584907E-02   
-9.186820E-02   -4.593520E-02   
-9.204036E-02   -4.602128E-02   
-9.221243E-02   -4.610732E-02   
-9.238440E-02   -4.619331E-02   
-9.255628E-02   -4.627925E-02   
-9.272807E-02   -4.636514E-02   
-9.289977E-02   -4.645099E-02   
-9.307137E-02   -4.653680E-02   
-9.324288E-02   -4.662255E-02   
-9.341429E-02   -4.670826E-02   
-9.358561E-02   -4.679393E-02   
-9.375684E-02   -4.687954E-02   
-9.392798E-02   -4.696511E-02   
-9.409902E-02   -4.705063E-02   
-9.426996E-02   -4.713611E-02   
-9.444081E-02   -4.722154E-02   
-9.461157E-02   -4.730692E-02   
-9.478223E-02   -4.739225E-02   
-9.495280E-02   -4.747753E-02   
-9.512327E-02   -4.756277E-02   
-9.529365E-02   -4.764796E-02   
-9.546393E-02   -4.773311E-02   
-9.563411E-02   -4.781820E-02   
-9.580420E-02   -4.790325E-02   
-9.597420E-02   -4.798825E-02   
-9.614409E-02   -4.807320E-02   
-9.631389E-02   -4.815810E-02   
-9.648360E-02   -4.824295E-02   
-9.665321E-02   -4.832776E-02   
-9.682272E-02   -4.841252E-02   
-9.699213E-02   -4.849723E-02   
-9.716145E-02   -4.858189E-02   
-9.733067E-02   -4.866650E-02   
-9.749979E-02   -4.875106E-02   
-9.766881E-02   -4.883557E-02   
-9.783774E-02   -4.892004E-02   
-9.800657E-02   -4.900446E-02   
-9.817530E-02   -4.908882E-02   
-9.834393E-02   -4.917314E-02   
-9.851246E-02   -4.925741E-02   
-9.868090E-02   -4.934163E-02   
-9.884923E-02   -4.942580E-02   
-9.901747E-02   -4.950992E-02   
-9.918561E-02   -4.959399E-02   
-9.935364E-02   -4.967801E-02   
-9.952158E-02   -4.976198E-02   
-9.968942E-02   -4.984590E-02   
-9.985716E-02   -4.992977E-02   
-1.000248E-01   -5.001360E-02   
-1.001923E-01   -5.009737E-02   
-1.003598E-01   -5.018109E-02   
-1.005271E-01   -5.026476E-02   
-1.006944E-01   -5.034838E-02   
-1.008615E-01   -5.043195E-02   
-1.010285E-01   -5.051547E-02   
-1.011955E-01   -5.059894E-02   
-1.013623E-01   -5.068235E-02   
-1.015290E-01   -5.076572E-02   
-1.016956E-01   -5.084904E-02   
-1.018622E-01   -5.093230E-02   
-1.020286E-01   -5.101552E-02   
-1.021949E-01   -5.109868E-02   
-1.023611E-01   -5.118179E-02   
-1.025273E-01   -5.126485E-02   
-1.026933E-01   -5.134786E-02   
-1.028592E-01   -5.143082E-02   
-1.030250E-01   -5.151373E-02   
-1.031907E-01   -5.159658E-02   
-1.033563E-01   -5.167939E-02   
-1.035218E-01   -5.176214E-02   
-1.036872E-01   -5.184484E-02   
-1.038525E-01   -5.192749E-02   
-1.040177E-01   -5.201008E-02   
-1.041828E-01   -5.209262E-02   
-1.043477E-01   -5.217512E-02   
-1.045126E-01   -5.225755E-02   
-1.046774E-01   -5.233994E-02   
-1.048420E-01   -5.242228E-02   
-1.050066E-01   -5.250456E-02   
-1.051711E-01   -5.258679E-02   
-1.053354E-01   -5.266896E-02   
-1.054996E-01   -5.275109E-02   
-1.056638E-01   -5.283316E-02   
-1.058278E-01   -5.291517E-02   
-1.059917E-01   -5.299714E-02   
-1.061556E-01   -5.307905E-02   
-1.063193E-01   -5.316091E-02   
-1.064829E-01   -5.324271E-02   
-1.066464E-01   -5.332447E-02   
-1.068098E-01   -5.340616E-02   
-1.069731E-01   -5.348781E-02   
-1.071362E-01   -5.356940E-02   
-1.072993E-01   -5.365094E-02   
-1.074623E-01   -5.373242E-02   
-1.076251E-01   -5.381385E-02   
-1.077879E-01   -5.389523E-02   
-1.079505E-01   -5.397655E-02   
-1.081131E-01   -5.405782E-02   
-1.082755E-01   -5.413903E-02   
-1.084378E-01   -5.422019E-02   
-1.086000E-01   -5.430130E-02   
-1.087621E-01   -5.438235E-02   
-1.089241E-01   -5.446334E-02   
-1.090860E-01   -5.454429E-02   
-1.092477E-01   -5.462517E-02   
-1.094094E-01   -5.470601E-02   
-1.095709E-01   -5.478678E-02   
-1.097324E-01   -5.486751E-02   
-1.098937E-01   -5.494817E-02   
-1.100549E-01   -5.502879E-02   
-1.102161E-01   -5.510934E-02   
-1.103771E-01   -5.518985E-02   
-1.105379E-01   -5.527029E-02   
-1.106987E-01   -5.535068E-02   
-1.108594E-01   -5.543102E-02   
-1.110199E-01   -5.551130E-02   
-1.111804E-01   -5.559153E-02   
-1.113407E-01   -5.567170E-02   
-1.115010E-01   -5.575181E-02   
-1.116611E-01   -5.583187E-02   
-1.118211E-01   -5.591187E-02   
-1.119810E-01   -5.599181E-02   
-1.121407E-01   -5.607170E-02   
-1.123004E-01   -5.615154E-02   
-1.124599E-01   -5.623131E-02   
-1.126194E-01   -5.631103E-02   
-1.127787E-01   -5.639070E-02   
-1.129379E-01   -5.647031E-02   
-1.130970E-01   -5.654986E-02   
-1.132560E-01   -5.662935E-02   
-1.134149E-01   -5.670879E-02   
-1.135736E-01   -5.678817E-02   
-1.137323E-01   -5.686750E-02   
-1.138908E-01   -5.694676E-02   
-1.140492E-01   -5.702597E-02   
-1.142075E-01   -5.710513E-02   
-1.143657E-01   -5.718422E-02   
-1.145238E-01   -5.726326E-02   
-1.146817E-01   -5.734224E-02   
-1.148396E-01   -5.742116E-02   
-1.149973E-01   -5.750003E-02   
-1.151549E-01   -5.757884E-02   
-1.153124E-01   -5.765759E-02   
-1.154698E-01   -5.773628E-02   
-1.156271E-01   -5.781492E-02   
-1.157842E-01   -5.789349E-02   
-1.159413E-01   -5.797201E-02   
-1.160982E-01   -5.805048E-02   
-1.162550E-01   -5.812888E-02   
-1.164117E-01   -5.820722E-02   
-1.165682E-01   -5.828551E-02   
-1.167247E-01   -5.836374E-02   
-1.168810E-01   -5.844191E-02   
-1.170372E-01   -5.852002E-02   
-1.171933E-01   -5.859807E-02   
-1.173493E-01   -5.867606E-02   
-1.175052E-01   -5.875400E-02   
-1.176609E-01   -5.883187E-02   
-1.178166E-01   -5.890969E-02   
-1.179721E-01   -5.898745E-02   
-1.181275E-01   -5.906515E-02   
-1.182827E-01   -5.914279E-02   
-1.184379E-01   -5.922037E-02   
-1.185929E-01   -5.929789E-02   
-1.187479E-01   -5.937535E-02   
-1.189027E-01   -5.945275E-02   
-1.190573E-01   -5.953009E-02   
-1.192119E-01   -5.960738E-02   
-1.193663E-01   -5.968460E-02   
-1.195207E-01   -5.976176E-02   
-1.196749E-01   -5.983887E-02   
-1.198290E-01   -5.991591E-02   
-1.199829E-01   -5.999289E-02   
-1.201368E-01   -6.006982E-02   
-1.202905E-01   -6.014668E-02   
-1.204441E-01   -6.022348E-02   
-1.205976E-01   -6.030023E-02   
-1.207509E-01   -6.037691E-02   
-1.209042E-01   -6.045353E-02   
-1.210573E-01   -6.053009E-02   
-1.212103E-01   -6.060659E-02   
-1.213632E-01   -6.068303E-02   
-1.215159E-01   -6.075941E-02   
-1.216685E-01   -6.083573E-02   
-1.218211E-01   -6.091199E-02   
-1.219734E-01   -6.098818E-02   
-1.221257E-01   -6.106432E-02   
-1.222779E-01   -6.114039E-02   
-1.224299E-01   -6.121640E-02   
-1.225818E-01   -6.129235E-02   
-1.227336E-01   -6.136824E-02   
-1.228852E-01   -6.144407E-02   
-1.230367E-01   -6.151984E-02   
-1.231881E-01   -6.159554E-02   
-1.233394E-01   -6.167119E-02   
-1.234906E-01   -6.174677E-02   
-1.236416E-01   -6.182229E-02   
-1.237925E-01   -6.189775E-02   
-1.239433E-01   -6.197314E-02   
-1.240940E-01   -6.204847E-02   
-1.242445E-01   -6.212375E-02   
-1.243949E-01   -6.219896E-02   
-1.245452E-01   -6.227410E-02   
-1.246954E-01   -6.234919E-02   
-1.248454E-01   -6.242421E-02   
-1.249953E-01   -6.249917E-02   
-1.251451E-01   -6.257406E-02   
-1.252948E-01   -6.264890E-02   
-1.254443E-01   -6.272367E-02   
-1.255938E-01   -6.279838E-02   
-1.257430E-01   -6.287302E-02   
-1.258922E-01   -6.294761E-02   
-1.260412E-01   -6.302213E-02   
-1.261901E-01   -6.309658E-02   
-1.263389E-01   -6.317098E-02   
-1.264876E-01   -6.324531E-02   
-1.266361E-01   -6.331957E-02   
-1.267845E-01   -6.339377E-02   
-1.269328E-01   -6.346791E-02   
-1.270809E-01   -6.354199E-02   
-1.272290E-01   -6.361600E-02   
-1.273769E-01   -6.368995E-02   
-1.275246E-01   -6.376384E-02   
-1.276723E-01   -6.383766E-02   
-1.278198E-01   -6.391141E-02   
-1.279672E-01   -6.398511E-02   
-1.281144E-01   -6.405873E-02   
-1.282615E-01   -6.413230E-02   
-1.284085E-01   -6.420580E-02   
-1.285554E-01   -6.427923E-02   
-1.287021E-01   -6.435261E-02   
-1.288487E-01   -6.442591E-02   
-1.289952E-01   -6.449916E-02   
-1.291416E-01   -6.457233E-02   
-1.292878E-01   -6.464545E-02   
-1.294339E-01   -6.471849E-02   
-1.295799E-01   -6.479148E-02   
-1.297257E-01   -6.486440E-02   
-1.298714E-01   -6.493725E-02   
-1.300170E-01   -6.501004E-02   
-1.301624E-01   -6.508276E-02   
-1.303077E-01   -6.515542E-02   
-1.304529E-01   -6.522801E-02   
-1.305980E-01   -6.530054E-02   
-1.307429E-01   -6.537300E-02   
-1.308877E-01   -6.544540E-02   
-1.310323E-01   -6.551773E-02   
-1.311769E-01   -6.558999E-02   
-1.313212E-01   -6.566219E-02   
-1.314655E-01   -6.573433E-02   
-1.316096E-01   -6.580640E-02   
-1.317536E-01   -6.587840E-02   
-1.318975E-01   -6.595033E-02   
-1.320413E-01   -6.602220E-02   
-1.321849E-01   -6.609401E-02   
-1.323283E-01   -6.616574E-02   
-1.324717E-01   -6.623742E-02   
-1.326149E-01   -6.630902E-02   
-1.327579E-01   -6.638056E-02   
-1.329009E-01   -6.645203E-02   
-1.330437E-01   -6.652344E-02   
-1.331864E-01   -6.659477E-02   
-1.333289E-01   -6.666605E-02   
-1.334713E-01   -6.673725E-02   
-1.336136E-01   -6.680839E-02   
-1.337557E-01   -6.687946E-02   
-1.338977E-01   -6.695047E-02   
-1.340396E-01   -6.702140E-02   
-1.341813E-01   -6.709227E-02   
-1.343229E-01   -6.716308E-02   
-1.344644E-01   -6.723381E-02   
-1.346057E-01   -6.730448E-02   
-1.347469E-01   -6.737508E-02   
-1.348880E-01   -6.744561E-02   
-1.350289E-01   -6.751608E-02   
-1.351697E-01   -6.758648E-02   
-1.353104E-01   -6.765681E-02   
-1.354509E-01   -6.772707E-02   
-1.355913E-01   -6.779726E-02   
-1.357315E-01   -6.786739E-02   
-1.358717E-01   -6.793745E-02   
-1.360116E-01   -6.800744E-02   
-1.361515E-01   -6.807736E-02   
-1.362912E-01   -6.814722E-02   
-1.364307E-01   -6.821700E-02   
-1.365702E-01   -6.828672E-02   
-1.367095E-01   -6.835637E-02   
-1.368486E-01   -6.842595E-02   
-1.369876E-01   -6.849546E-02   
-1.371265E-01   -6.856491E-02   
-1.372653E-01   -6.863428E-02   
-1.374039E-01   -6.870359E-02   
-1.375424E-01   -6.877282E-02   
-1.376807E-01   -6.884199E-02   
-1.378189E-01   -6.891109E-02   
-1.379569E-01   -6.898012E-02   
-1.380949E-01   -6.904908E-02   
-1.382326E-01   -6.911797E-02   
-1.383703E-01   -6.918680E-02   
-1.385078E-01   -6.925555E-02   
-1.386452E-01   -6.932423E-02   
-1.387824E-01   -6.939285E-02   
-1.389195E-01   -6.946139E-02   
-1.390564E-01   -6.952987E-02   
-1.391932E-01   -6.959827E-02   
-1.393299E-01   -6.966661E-02   
-1.394664E-01   -6.973488E-02   
-1.396028E-01   -6.980307E-02   
-1.397391E-01   -6.987120E-02   
-1.398752E-01   -6.993926E-02   
-1.400111E-01   -7.000724E-02   
-1.401470E-01   -7.007516E-02   
-1.402827E-01   -7.014300E-02   
-1.404182E-01   -7.021078E-02   
-1.405536E-01   -7.027848E-02   
-1.406889E-01   -7.034612E-02   
-1.408240E-01   -7.041368E-02   
-1.409590E-01   -7.048118E-02   
-1.410938E-01   -7.054860E-02   
-1.412285E-01   -7.061595E-02   
-1.413631E-01   -7.068323E-02   
-1.414975E-01   -7.075044E-02   
-1.416318E-01   -7.081758E-02   
-1.417659E-01   -7.088465E-02   
-1.418999E-01   -7.095165E-02   
-1.420338E-01   -7.101858E-02   
-1.421675E-01   -7.108543E-02   
-1.423010E-01   -7.115222E-02   
-1.424345E-01   -7.121893E-02   
-1.425677E-01   -7.128557E-02   
-1.427009E-01   -7.135214E-02   
-1.428339E-01   -7.141864E-02   
-1.429667E-01   -7.148507E-02   
-1.430994E-01   -7.155143E-02   
-1.432320E-01   -7.161771E-02   
-1.433644E-01   -7.168392E-02   
-1.434967E-01   -7.175006E-02   
-1.436288E-01   -7.181613E-02   
-1.437608E-01   -7.188213E-02   
-1.438927E-01   -7.194805E-02   
-1.440244E-01   -7.201391E-02   
-1.441559E-01   -7.207969E-02   
-1.442873E-01   -7.214539E-02   
-1.444186E-01   -7.221103E-02   
-1.445497E-01   -7.227659E-02   
-1.446807E-01   -7.234208E-02   
-1.448115E-01   -7.240750E-02   
-1.449422E-01   -7.247285E-02   
-1.450728E-01   -7.253812E-02   
-1.452032E-01   -7.260332E-02   
-1.453334E-01   -7.266845E-02   
-1.454635E-01   -7.273351E-02   
-1.455935E-01   -7.279849E-02   
-1.457233E-01   -7.286340E-02   
-1.458530E-01   -7.292823E-02   
-1.459825E-01   -7.299300E-02   
-1.461119E-01   -7.305769E-02   
-1.462411E-01   -7.312230E-02   
-1.463702E-01   -7.318685E-02   
-1.464991E-01   -7.325132E-02   
-1.466279E-01   -7.331571E-02   
-1.467566E-01   -7.338004E-02   
-1.468851E-01   -7.344429E-02   
-1.470134E-01   -7.350846E-02   
-1.471416E-01   -7.357257E-02   
-1.472697E-01   -7.363660E-02   
-1.473976E-01   -7.370055E-02   
-1.475253E-01   -7.376443E-02   
-1.476529E-01   -7.382824E-02   
-1.477804E-01   -7.389197E-02   
-1.479077E-01   -7.395563E-02   
-1.480349E-01   -7.401922E-02   
-1.481619E-01   -7.408273E-02   
-1.482888E-01   -7.414617E-02   
-1.484155E-01   -7.420953E-02   
-1.485421E-01   -7.427282E-02   
-1.486685E-01   -7.433603E-02   
-1.487948E-01   -7.439917E-02   
-1.489209E-01   -7.446223E-02   
-1.490469E-01   -7.452522E-02   
-1.491727E-01   -7.458814E-02   
-1.492984E-01   -7.465098E-02   
-1.494239E-01   -7.471375E-02   
-1.495493E-01   -7.477644E-02   
-1.496745E-01   -7.483905E-02   
-1.497996E-01   -7.490159E-02   
-1.499245E-01   -7.496406E-02   
-1.500493E-01   -7.502645E-02   
-1.501739E-01   -7.508877E-02   
-1.502984E-01   -7.515101E-02   
-1.504228E-01   -7.521317E-02   
-1.505469E-01   -7.527526E-02   
-1.506710E-01   -7.533728E-02   
-1.507948E-01   -7.539922E-02   
-1.509186E-01   -7.546108E-02   
-1.510421E-01   -7.552287E-02   
-1.511655E-01   -7.558458E-02   
-1.512888E-01   -7.564622E-02   
-1.514119E-01   -7.570778E-02   
-1.515349E-01   -7.576926E-02   
-1.516577E-01   -7.583067E-02   
-1.517804E-01   -7.589200E-02   
-1.519029E-01   -7.595326E-02   
-1.520252E-01   -7.601444E-02   
-1.521475E-01   -7.607555E-02   
-1.522695E-01   -7.613657E-02   
-1.523914E-01   -7.619753E-02   
-1.525132E-01   -7.625840E-02   
-1.526348E-01   -7.631920E-02   
-1.527562E-01   -7.637992E-02   
-1.528775E-01   -7.644057E-02   
-1.529986E-01   -7.650114E-02   
-1.531196E-01   -7.656163E-02   
-1.532404E-01   -7.662205E-02   
-1.533611E-01   -7.668239E-02   
-1.534816E-01   -7.674265E-02   
-1.536020E-01   -7.680284E-02   
-1.537222E-01   -7.686295E-02   
-1.538423E-01   -7.692298E-02   
-1.539622E-01   -7.698293E-02   
-1.540819E-01   -7.704281E-02   
-1.542015E-01   -7.710261E-02   
-1.543210E-01   -7.716233E-02   
-1.544403E-01   -7.722198E-02   
-1.545594E-01   -7.728155E-02   
-1.546784E-01   -7.734104E-02   
-1.547972E-01   -7.740045E-02   
-1.549159E-01   -7.745979E-02   
-1.550344E-01   -7.751905E-02   
-1.551527E-01   -7.757823E-02   
-1.552709E-01   -7.763733E-02   
-1.553890E-01   -7.769635E-02   
-1.555069E-01   -7.775530E-02   
-1.556246E-01   -7.781417E-02   
-1.557422E-01   -7.787296E-02   
-1.558596E-01   -7.793168E-02   
-1.559769E-01   -7.799031E-02   
-1.560940E-01   -7.804887E-02   
-1.562110E-01   -7.810735E-02   
-1.563278E-01   -7.816575E-02   
-1.564444E-01   -7.822407E-02   
-1.565609E-01   -7.828231E-02   
-1.566772E-01   -7.834048E-02   
-1.567934E-01   -7.839857E-02   
-1.569094E-01   -7.845658E-02   
-1.570253E-01   -7.851451E-02   
-1.571410E-01   -7.857236E-02   
-1.572565E-01   -7.863013E-02   
-1.573719E-01   -7.868782E-02   
-1.574871E-01   -7.874544E-02   
-1.576022E-01   -7.880297E-02   
-1.577171E-01   -7.886043E-02   
-1.578318E-01   -7.891781E-02   
-1.579464E-01   -7.897511E-02   
-1.580609E-01   -7.903233E-02   
-1.581752E-01   -7.908947E-02   
-1.582893E-01   -7.914653E-02   
-1.584032E-01   -7.920351E-02   
-1.585170E-01   -7.926041E-02   
-1.586307E-01   -7.931724E-02   
-1.587442E-01   -7.937398E-02   
-1.588575E-01   -7.943064E-02   
-1.589707E-01   -7.948723E-02   
-1.590837E-01   -7.954373E-02   
-1.591965E-01   -7.960016E-02   
-1.593092E-01   -7.965650E-02   
-1.594217E-01   -7.971277E-02   
-1.595341E-01   -7.976896E-02   
-1.596463E-01   -7.982506E-02   
-1.597584E-01   -7.988109E-02   
-1.598702E-01   -7.993703E-02   
-1.599820E-01   -7.999290E-02   
-1.600935E-01   -8.004869E-02   
-1.602050E-01   -8.010439E-02   
-1.603162E-01   -8.016002E-02   
-1.604273E-01   -8.021556E-02   
-1.605382E-01   -8.027102E-02   
-1.606490E-01   -8.032641E-02   
-1.607596E-01   -8.038171E-02   
-1.608700E-01   -8.043694E-02   
-1.609803E-01   -8.049208E-02   
-1.610904E-01   -8.054714E-02   
-1.612004E-01   -8.060212E-02   
-1.613102E-01   -8.065702E-02   
-1.614198E-01   -8.071184E-02   
-1.615293E-01   -8.076658E-02   
-1.616386E-01   -8.082124E-02   
-1.617478E-01   -8.087581E-02   
-1.618567E-01   -8.093031E-02   
-1.619656E-01   -8.098472E-02   
-1.620742E-01   -8.103906E-02   
-1.621827E-01   -8.109331E-02   
-1.622911E-01   -8.114748E-02   
-1.623993E-01   -8.120157E-02   
-1.625073E-01   -8.125558E-02   
-1.626151E-01   -8.130950E-02   
-1.627228E-01   -8.136335E-02   
-1.628303E-01   -8.141711E-02   
-1.629377E-01   -8.147080E-02   
-1.630449E-01   -8.152440E-02   
-1.631519E-01   -8.157792E-02   
-1.632588E-01   -8.163135E-02   
-1.633655E-01   -8.168471E-02   
-1.634721E-01   -8.173798E-02   
-1.635784E-01   -8.179117E-02   
-1.636847E-01   -8.184428E-02   
-1.637907E-01   -8.189731E-02   
-1.638966E-01   -8.195026E-02   
-1.640023E-01   -8.200312E-02   
-1.641079E-01   -8.205590E-02   
