-3.902446E-01   -7.865736E-01   
-3.894569E-01   -7.876767E-01   
-3.886680E-01   -7.887757E-01   
-3.878779E-01   -7.898705E-01   
-3.870867E-01   -7.909611E-01   
-3.862944E-01   -7.920475E-01   
-3.855010E-01   -7.931296E-01   
-3.847065E-01   -7.942076E-01   
-3.839108E-01   -7.952814E-01   
-3.831140E-01   -7.963509E-01   
-3.823161E-01   -7.974162E-01   
-3.815170E-01   -7.984773E-01   
-3.807168E-01   -7.995341E-01   
-3.799156E-01   -8.005867E-01   
-3.791132E-01   -8.016350E-01   
-3.783096E-01   -8.026791E-01   
-3.775050E-01   -8.037189E-01   
-3.766993E-01   -8.047545E-01   
-3.758924E-01   -8.057858E-01   
-3.750844E-01   -8.068128E-01   
-3.742753E-01   -8.078355E-01   
-3.734651E-01   -8.088540E-01   
-3.726538E-01   -8.098681E-01   
-3.718414E-01   -8.108780E-01   
-3.710279E-01   -8.118836E-01   
-3.702133E-01   -8.128848E-01   
-3.693976E-01   -8.138818E-01   
-3.685807E-01   -8.148744E-01   
-3.677628E-01   -8.158627E-01   
-3.669438E-01   -8.168466E-01   
-3.661236E-01   -8.178263E-01   
-3.653024E-01   -8.188016E-01   
-3.644800E-01   -8.197725E-01   
-3.636566E-01   -8.207391E-01   
-3.628320E-01   -8.217013E-01   
-3.620064E-01   -8.226592E-01   
-3.611796E-01   -8.236127E-01   
-3.603518E-01   -8.245618E-01   
-3.595228E-01   -8.255065E-01   
-3.586928E-01   -8.264469E-01   
-3.578616E-01   -8.273829E-01   
-3.570294E-01   -8.283144E-01   
-3.561961E-01   -8.292416E-01   
-3.553616E-01   -8.301643E-01   
-3.545261E-01   -8.310827E-01   
-3.536894E-01   -8.319966E-01   
-3.528517E-01   -8.329061E-01   
-3.520129E-01   -8.338111E-01   
-3.511729E-01   -8.347117E-01   
-3.503319E-01   -8.356079E-01   
-3.494898E-01   -8.364996E-01   
-3.486466E-01   -8.373868E-01   
-3.478022E-01   -8.382696E-01   
-3.469568E-01   -8.391480E-01   
-3.461103E-01   -8.400218E-01   
-3.452626E-01   -8.408912E-01   
-3.444139E-01   -8.417560E-01   
-3.435641E-01   -8.426164E-01   
-3.427131E-01   -8.434723E-01   
-3.418611E-01   -8.443237E-01   
-3.410080E-01   -8.451705E-01   
-3.401537E-01   -8.460128E-01   
-3.392984E-01   -8.468506E-01   
-3.384419E-01   -8.476839E-01   
-3.375843E-01   -8.485126E-01   
-3.367257E-01   -8.493368E-01   
-3.358659E-01   -8.501565E-01   
-3.350050E-01   -8.509715E-01   
-3.341430E-01   -8.517820E-01   
-3.332799E-01   -8.525880E-01   
-3.324156E-01   -8.533893E-01   
-3.315503E-01   -8.541861E-01   
-3.306838E-01   -8.549783E-01   
-3.298163E-01   -8.557658E-01   
-3.289476E-01   -8.565488E-01   
-3.280778E-01   -8.573272E-01   
-3.272068E-01   -8.581009E-01   
-3.263348E-01   -8.588700E-01   
-3.254616E-01   -8.596345E-01   
-3.245873E-01   -8.603943E-01   
-3.237118E-01   -8.611495E-01   
-3.228352E-01   -8.619000E-01   
-3.219575E-01   -8.626458E-01   
-3.210787E-01   -8.633870E-01   
-3.201987E-01   -8.641235E-01   
-3.193176E-01   -8.648553E-01   
-3.184354E-01   -8.655825E-01   
-3.175520E-01   -8.663049E-01   
-3.166674E-01   -8.670226E-01   
-3.157818E-01   -8.677356E-01   
-3.148949E-01   -8.684439E-01   
-3.140069E-01   -8.691474E-01   
-3.131178E-01   -8.698462E-01   
-3.122275E-01   -8.705403E-01   
-3.113360E-01   -8.712296E-01   
-3.104434E-01   -8.719141E-01   
-3.095496E-01   -8.725939E-01   
-3.086547E-01   -8.732689E-01   
-3.077586E-01   -8.739391E-01   
-3.068613E-01   -8.746045E-01   
-3.059628E-01   -8.752651E-01   
-3.050632E-01   -8.759209E-01   
-3.041624E-01   -8.765718E-01   
-3.032603E-01   -8.772180E-01   
-3.023571E-01   -8.778592E-01   
-3.014527E-01   -8.784957E-01   
-3.005472E-01   -8.791273E-01   
-2.996404E-01   -8.797540E-01   
-2.987324E-01   -8.803759E-01   
-2.978232E-01   -8.809928E-01   
-2.969128E-01   -8.816049E-01   
-2.960012E-01   -8.822121E-01   
-2.950883E-01   -8.828144E-01   
-2.941743E-01   -8.834117E-01   
-2.932590E-01   -8.840041E-01   
-2.923425E-01   -8.845916E-01   
-2.914247E-01   -8.851742E-01   
-2.905057E-01   -8.857517E-01   
-2.895855E-01   -8.863244E-01   
-2.886640E-01   -8.868920E-01   
-2.877413E-01   -8.874547E-01   
-2.868173E-01   -8.880123E-01   
-2.858921E-01   -8.885650E-01   
-2.849656E-01   -8.891126E-01   
-2.840378E-01   -8.896552E-01   
-2.831088E-01   -8.901928E-01   
-2.821784E-01   -8.907253E-01   
-2.812468E-01   -8.912528E-01   
-2.803139E-01   -8.917752E-01   
-2.793797E-01   -8.922925E-01   
-2.784442E-01   -8.928047E-01   
-2.775074E-01   -8.933118E-01   
-2.765693E-01   -8.938138E-01   
-2.756299E-01   -8.943107E-01   
-2.746891E-01   -8.948025E-01   
-2.737470E-01   -8.952891E-01   
-2.728036E-01   -8.957706E-01   
-2.718588E-01   -8.962468E-01   
-2.709127E-01   -8.967179E-01   
-2.699652E-01   -8.971839E-01   
-2.690164E-01   -8.976446E-01   
-2.680662E-01   -8.981001E-01   
-2.671147E-01   -8.985503E-01   
-2.661617E-01   -8.989953E-01   
-2.652074E-01   -8.994351E-01   
-2.642517E-01   -8.998696E-01   
-2.632945E-01   -9.002988E-01   
-2.623360E-01   -9.007227E-01   
-2.613761E-01   -9.011414E-01   
-2.604147E-01   -9.015547E-01   
-2.594519E-01   -9.019626E-01   
-2.584877E-01   -9.023653E-01   
-2.575220E-01   -9.027625E-01   
-2.565549E-01   -9.031544E-01   
-2.555863E-01   -9.035409E-01   
-2.546162E-01   -9.039220E-01   
-2.536447E-01   -9.042977E-01   
-2.526716E-01   -9.046680E-01   
-2.516971E-01   -9.050328E-01   
-2.507211E-01   -9.053922E-01   
-2.497436E-01   -9.057461E-01   
-2.487645E-01   -9.060945E-01   
-2.477840E-01   -9.064374E-01   
-2.468018E-01   -9.067748E-01   
-2.458182E-01   -9.071066E-01   
-2.448330E-01   -9.074329E-01   
-2.438462E-01   -9.077536E-01   
-2.428578E-01   -9.080688E-01   
-2.418679E-01   -9.083783E-01   
-2.408763E-01   -9.086822E-01   
-2.398832E-01   -9.089805E-01   
-2.388884E-01   -9.092732E-01   
-2.378920E-01   -9.095602E-01   
-2.368940E-01   -9.098415E-01   
-2.358943E-01   -9.101171E-01   
-2.348930E-01   -9.103870E-01   
-2.338900E-01   -9.106511E-01   
-2.328853E-01   -9.109095E-01   
-2.318789E-01   -9.111621E-01   
-2.308709E-01   -9.114090E-01   
-2.298611E-01   -9.116500E-01   
-2.288495E-01   -9.118852E-01   
-2.278363E-01   -9.121145E-01   
-2.268213E-01   -9.123380E-01   
-2.258045E-01   -9.125556E-01   
-2.247859E-01   -9.127672E-01   
-2.237656E-01   -9.129730E-01   
-2.227434E-01   -9.131728E-01   
-2.217195E-01   -9.133666E-01   
-2.206937E-01   -9.135545E-01   
-2.196660E-01   -9.137363E-01   
-2.186365E-01   -9.139121E-01   
-2.176052E-01   -9.140819E-01   
-2.165719E-01   -9.142455E-01   
-2.155368E-01   -9.144031E-01   
-2.144997E-01   -9.145545E-01   
-2.134607E-01   -9.146998E-01   
-2.124198E-01   -9.148390E-01   
-2.113769E-01   -9.149719E-01   
-2.103320E-01   -9.150986E-01   
-2.092852E-01   -9.152191E-01   
-2.082363E-01   -9.153334E-01   
-2.071854E-01   -9.154413E-01   
-2.061325E-01   -9.155429E-01   
-2.050775E-01   -9.156382E-01   
-2.040205E-01   -9.157271E-01   
-2.029613E-01   -9.158096E-01   
-2.019001E-01   -9.158857E-01   
-2.008367E-01   -9.159554E-01   
-1.997712E-01   -9.160186E-01   
-1.987036E-01   -9.160753E-01   
-1.976337E-01   -9.161255E-01   
-1.965617E-01   -9.161691E-01   
-1.954874E-01   -9.162061E-01   
-1.944109E-01   -9.162365E-01   
-1.933322E-01   -9.162603E-01   
-1.922512E-01   -9.162774E-01   
-1.911678E-01   -9.162878E-01   
-1.900822E-01   -9.162914E-01   
-1.889943E-01   -9.162883E-01   
-1.879039E-01   -9.162784E-01   
-1.868113E-01   -9.162617E-01   
-1.857162E-01   -9.162381E-01   
-1.846187E-01   -9.162076E-01   
-1.835187E-01   -9.161702E-01   
-1.824163E-01   -9.161258E-01   
-1.813114E-01   -9.160744E-01   
-1.802040E-01   -9.160161E-01   
-1.790940E-01   -9.159506E-01   
-1.779815E-01   -9.158780E-01   
-1.768664E-01   -9.157983E-01   
-1.757488E-01   -9.157115E-01   
-1.746284E-01   -9.156174E-01   
-1.735055E-01   -9.155161E-01   
-1.723798E-01   -9.154074E-01   
-1.712514E-01   -9.152915E-01   
-1.701204E-01   -9.151682E-01   
-1.689865E-01   -9.150375E-01   
-1.678499E-01   -9.148993E-01   
-1.667104E-01   -9.147537E-01   
-1.655681E-01   -9.146005E-01   
-1.644229E-01   -9.144398E-01   
-1.632749E-01   -9.142714E-01   
-1.621239E-01   -9.140954E-01   
-1.609699E-01   -9.139117E-01   
-1.598130E-01   -9.137203E-01   
-1.586530E-01   -9.135210E-01   
-1.574900E-01   -9.133140E-01   
-1.563239E-01   -9.130990E-01   
-1.551547E-01   -9.128761E-01   
-1.539824E-01   -9.126452E-01   
-1.528069E-01   -9.124063E-01   
-1.516282E-01   -9.121594E-01   
-1.504462E-01   -9.119043E-01   
-1.492610E-01   -9.116410E-01   
-1.480724E-01   -9.113695E-01   
-1.468805E-01   -9.110897E-01   
-1.456852E-01   -9.108015E-01   
-1.444865E-01   -9.105050E-01   
-1.432843E-01   -9.102000E-01   
-1.420787E-01   -9.098866E-01   
-1.408695E-01   -9.095645E-01   
-1.396568E-01   -9.092339E-01   
-1.384404E-01   -9.088946E-01   
-1.372204E-01   -9.085465E-01   
-1.359967E-01   -9.081897E-01   
-1.347693E-01   -9.078240E-01   
-1.335381E-01   -9.074493E-01   
-1.323031E-01   -9.070658E-01   
-1.310642E-01   -9.066731E-01   
-1.298215E-01   -9.062714E-01   
-1.285748E-01   -9.058604E-01   
-1.273241E-01   -9.054403E-01   
-1.260694E-01   -9.050108E-01   
-1.248106E-01   -9.045720E-01   
-1.235477E-01   -9.041237E-01   
-1.222806E-01   -9.036659E-01   
-1.210093E-01   -9.031984E-01   
-1.197338E-01   -9.027214E-01   
-1.184539E-01   -9.022346E-01   
-1.171696E-01   -9.017379E-01   
-1.158810E-01   -9.012314E-01   
-1.145878E-01   -9.007149E-01   
-1.132902E-01   -9.001884E-01   
-1.119879E-01   -8.996517E-01   
-1.106811E-01   -8.991049E-01   
-1.093695E-01   -8.985477E-01   
-1.080532E-01   -8.979802E-01   
-1.067321E-01   -8.974021E-01   
-1.054062E-01   -8.968136E-01   
-1.040753E-01   -8.962144E-01   
-1.027395E-01   -8.956045E-01   
-1.013986E-01   -8.949837E-01   
-1.000526E-01   -8.943520E-01   
-9.870151E-02   -8.937094E-01   
-9.734517E-02   -8.930556E-01   
-9.598354E-02   -8.923906E-01   
-9.461656E-02   -8.917143E-01   
-9.324416E-02   -8.910266E-01   
-9.186628E-02   -8.903274E-01   
-9.048284E-02   -8.896166E-01   
-8.909379E-02   -8.888941E-01   
-8.769904E-02   -8.881598E-01   
-8.629852E-02   -8.874135E-01   
-8.489217E-02   -8.866552E-01   
-8.347991E-02   -8.858848E-01   
-8.206166E-02   -8.851021E-01   
-8.063735E-02   -8.843070E-01   
-7.920689E-02   -8.834994E-01   
-7.777022E-02   -8.826791E-01   
-7.632725E-02   -8.818462E-01   
-7.487790E-02   -8.810003E-01   
-7.342208E-02   -8.801415E-01   
-7.195972E-02   -8.792695E-01   
-7.049072E-02   -8.783843E-01   
-6.901500E-02   -8.774857E-01   
-6.753248E-02   -8.765736E-01   
-6.604306E-02   -8.756478E-01   
-6.454665E-02   -8.747082E-01   
-6.304316E-02   -8.737547E-01   
-6.153249E-02   -8.727870E-01   
-6.001456E-02   -8.718052E-01   
-5.848925E-02   -8.708089E-01   
-5.695648E-02   -8.697982E-01   
-5.541614E-02   -8.687727E-01   
-5.386813E-02   -8.677324E-01   
-5.231235E-02   -8.666771E-01   
-5.074869E-02   -8.656066E-01   
-4.917705E-02   -8.645208E-01   
-4.759731E-02   -8.634195E-01   
-4.600937E-02   -8.623025E-01   
-4.441311E-02   -8.611696E-01   
-4.280841E-02   -8.600207E-01   
-4.119517E-02   -8.588556E-01   
-3.957326E-02   -8.576742E-01   
-3.794256E-02   -8.564761E-01   
-3.630296E-02   -8.552613E-01   
-3.465432E-02   -8.540295E-01   
-3.299651E-02   -8.527806E-01   
-3.132942E-02   -8.515143E-01   
-2.965291E-02   -8.502304E-01   
-2.796685E-02   -8.489288E-01   
-2.627109E-02   -8.476092E-01   
-2.456552E-02   -8.462714E-01   
-2.284997E-02   -8.449152E-01   
-2.112432E-02   -8.435403E-01   
-1.938841E-02   -8.421466E-01   
-1.764210E-02   -8.407338E-01   
-1.588524E-02   -8.393017E-01   
-1.411768E-02   -8.378500E-01   
-1.233926E-02   -8.363785E-01   
-1.054982E-02   -8.348869E-01   
-8.749210E-03   -8.333751E-01   
-6.937259E-03   -8.318426E-01   
-5.113802E-03   -8.302894E-01   
-3.278671E-03   -8.287150E-01   
-1.431693E-03   -8.271193E-01   
 4.273065E-04   -8.255020E-01   
 2.298505E-03   -8.238627E-01   
 4.182084E-03   -8.222012E-01   
 6.078228E-03   -8.205173E-01   
 7.987124E-03   -8.188105E-01   
 9.908963E-03   -8.170806E-01   
 1.184394E-02   -8.153274E-01   
 1.379225E-02   -8.135504E-01   
 1.575410E-02   -8.117494E-01   
 1.772969E-02   -8.099240E-01   
 1.971923E-02   -8.080740E-01   
 2.172293E-02   -8.061989E-01   
 2.374100E-02   -8.042984E-01   
 2.577368E-02   -8.023722E-01   
 2.782117E-02   -8.004200E-01   
 2.988372E-02   -7.984413E-01   
 3.196154E-02   -7.964358E-01   
 3.405489E-02   -7.944031E-01   
 3.616399E-02   -7.923428E-01   
 3.828909E-02   -7.902546E-01   
 4.043044E-02   -7.881380E-01   
 4.258830E-02   -7.859926E-01   
 4.476291E-02   -7.838181E-01   
 4.695456E-02   -7.816139E-01   
 4.916350E-02   -7.793797E-01   
 5.139000E-02   -7.771151E-01   
 5.363435E-02   -7.748195E-01   
 5.589683E-02   -7.724926E-01   
 5.817772E-02   -7.701338E-01   
 6.047732E-02   -7.677427E-01   
 6.279592E-02   -7.653188E-01   
 6.513384E-02   -7.628616E-01   
 6.749138E-02   -7.603706E-01   
 6.986886E-02   -7.578453E-01   
 7.226659E-02   -7.552853E-01   
 7.468491E-02   -7.526898E-01   
 7.712415E-02   -7.500585E-01   
 7.958465E-02   -7.473907E-01   
 8.206676E-02   -7.446859E-01   
 8.457082E-02   -7.419436E-01   
 8.709720E-02   -7.391631E-01   
 8.964627E-02   -7.363438E-01   
 9.221840E-02   -7.334851E-01   
 9.481396E-02   -7.305865E-01   
 9.743335E-02   -7.276472E-01   
 1.000770E-01   -7.246667E-01   
 1.027452E-01   -7.216443E-01   
 1.054384E-01   -7.185792E-01   
 1.081572E-01   -7.154709E-01   
 1.109017E-01   -7.123186E-01   
 1.136726E-01   -7.091216E-01   
 1.164703E-01   -7.058792E-01   
 1.192951E-01   -7.025906E-01   
 1.221477E-01   -6.992551E-01   
 1.250283E-01   -6.958719E-01   
 1.279375E-01   -6.924403E-01   
 1.308759E-01   -6.889593E-01   
 1.338438E-01   -6.854283E-01   
 1.368418E-01   -6.818463E-01   
 1.398705E-01   -6.782126E-01   
 1.429302E-01   -6.745262E-01   
 1.460217E-01   -6.707863E-01   
 1.491453E-01   -6.669919E-01   
 1.523017E-01   -6.631421E-01   
 1.554915E-01   -6.592361E-01   
 1.587151E-01   -6.552727E-01   
 1.619733E-01   -6.512511E-01   
 1.652666E-01   -6.471703E-01   
 1.685956E-01   -6.430291E-01   
 1.719610E-01   -6.388266E-01   
 1.753633E-01   -6.345618E-01   
 1.788033E-01   -6.302334E-01   
 1.822815E-01   -6.258405E-01   
 1.857987E-01   -6.213818E-01   
 1.893556E-01   -6.168563E-01   
 1.929529E-01   -6.122626E-01   
 1.965912E-01   -6.075998E-01   
 2.002713E-01   -6.028664E-01   
 2.039940E-01   -5.980612E-01   
 2.077600E-01   -5.931831E-01   
 2.115701E-01   -5.882306E-01   
 2.154251E-01   -5.832024E-01   
 2.193257E-01   -5.780971E-01   
 2.232729E-01   -5.729135E-01   
 2.272674E-01   -5.676499E-01   
 2.313101E-01   -5.623051E-01   
 2.354018E-01   -5.568774E-01   
 2.395436E-01   -5.513655E-01   
 2.437362E-01   -5.457677E-01   
 2.479806E-01   -5.400824E-01   
 2.522777E-01   -5.343082E-01   
 2.566285E-01   -5.284432E-01   
 2.610341E-01   -5.224859E-01   
 2.654953E-01   -5.164345E-01   
 2.700132E-01   -5.102872E-01   
 2.745888E-01   -5.040424E-01   
 2.792233E-01   -4.976981E-01   
 2.839177E-01   -4.912525E-01   
 2.886731E-01   -4.847036E-01   
 2.934906E-01   -4.780496E-01   
 2.983714E-01   -4.712885E-01   
 3.033166E-01   -4.644182E-01   
 3.083275E-01   -4.574366E-01   
 3.134053E-01   -4.503417E-01   
 3.185512E-01   -4.431313E-01   
 3.237665E-01   -4.358032E-01   
 3.290525E-01   -4.283550E-01   
 3.344104E-01   -4.207846E-01   
 3.398418E-01   -4.130896E-01   
 3.453479E-01   -4.052676E-01   
 3.509301E-01   -3.973161E-01   
 3.565898E-01   -3.892327E-01   
 3.623286E-01   -3.810147E-01   
 3.681480E-01   -3.726596E-01   
 3.740493E-01   -3.641647E-01   
 3.800342E-01   -3.555273E-01   
 3.861043E-01   -3.467447E-01   
 3.922611E-01   -3.378139E-01   
 3.985064E-01   -3.287321E-01   
 4.048417E-01   -3.194964E-01   
 4.112688E-01   -3.101037E-01   
 4.177895E-01   -3.005510E-01   
 4.244054E-01   -2.908350E-01   
 4.311184E-01   -2.809527E-01   
 4.379304E-01   -2.709007E-01   
 4.448433E-01   -2.606756E-01   
 4.518588E-01   -2.502742E-01   
 4.589791E-01   -2.396928E-01   
 4.662060E-01   -2.289279E-01   
 4.735417E-01   -2.179760E-01   
 4.809882E-01   -2.068332E-01   
 4.885475E-01   -1.954959E-01   
 4.962219E-01   -1.839601E-01   
 5.040135E-01   -1.722220E-01   
 5.119245E-01   -1.602775E-01   
 5.199573E-01   -1.481225E-01   
 5.281141E-01   -1.357528E-01   
 5.363973E-01   -1.231642E-01   
 5.448092E-01   -1.103523E-01   
 5.533524E-01   -9.731274E-02   
 5.620293E-01   -8.404093E-02   
 5.708425E-01   -7.053228E-02   
 5.797945E-01   -5.678209E-02   
 5.888879E-01   -4.278556E-02   
 5.981255E-01   -2.853780E-02   
 6.075099E-01   -1.403383E-02   
 6.170438E-01    7.314193E-04   
 6.267302E-01    1.576313E-02   
 6.365719E-01    3.106658E-02   
 6.465717E-01    4.664714E-02   
 6.567327E-01    6.251028E-02   
 6.670579E-01    7.866157E-02   
 6.775502E-01    9.510669E-02   
 6.882128E-01    1.118514E-01   
 6.990490E-01    1.289016E-01   
 7.100617E-01    1.462634E-01   
 7.212545E-01    1.639426E-01   
 7.326304E-01    1.819457E-01   
 7.441930E-01    2.002789E-01   
 7.559455E-01    2.189485E-01   
 7.678916E-01    2.379612E-01   
 7.800345E-01    2.573236E-01   
 7.923781E-01    2.770424E-01   
 8.049257E-01    2.971244E-01   
 8.176811E-01    3.175767E-01   
 8.306480E-01    3.384062E-01   
 8.438302E-01    3.596203E-01   
 8.572314E-01    3.812261E-01   
 8.708555E-01    4.032310E-01   
 8.847063E-01    4.256426E-01   
 8.987879E-01    4.484684E-01   
 9.131041E-01    4.717163E-01   
 9.276591E-01    4.953939E-01   
 9.424568E-01    5.195092E-01   
 9.575013E-01    5.440702E-01   
 9.727968E-01    5.690850E-01   
 9.883475E-01    5.945619E-01   
 1.004158E+00    6.205091E-01   
 1.020231E+00    6.469351E-01   
 1.036573E+00    6.738482E-01   
 1.053186E+00    7.012571E-01   
 1.070076E+00    7.291703E-01   
 1.087247E+00    7.575967E-01   
 1.104703E+00    7.865449E-01   
 1.122448E+00    8.160238E-01   
 1.140487E+00    8.460424E-01   
 1.158825E+00    8.766095E-01   
 1.177465E+00    9.077342E-01   
 1.196411E+00    9.394255E-01   
 1.215670E+00    9.716924E-01   
 1.235243E+00    1.004544E+00   
 1.255137E+00    1.037990E+00   
 1.275355E+00    1.072038E+00   
 1.295902E+00    1.106699E+00   
 1.316781E+00    1.141980E+00   
 1.337997E+00    1.177892E+00   
 1.359554E+00    1.214443E+00   
 1.381456E+00    1.251643E+00   
 1.403708E+00    1.289499E+00   
 1.426312E+00    1.328021E+00   
 1.449273E+00    1.367218E+00   
 1.472595E+00    1.407098E+00   
 1.496282E+00    1.447670E+00   
 1.520336E+00    1.488941E+00   
 1.544761E+00    1.530921E+00   
 1.569560E+00    1.573617E+00   
 1.594737E+00    1.617037E+00   
 1.620295E+00    1.661189E+00   
 1.646235E+00    1.706079E+00   
 1.672562E+00    1.751715E+00   
 1.699276E+00    1.798104E+00   
 1.726381E+00    1.845251E+00   
 1.753879E+00    1.893164E+00   
 1.781770E+00    1.941847E+00   
 1.810056E+00    1.991306E+00   
 1.838739E+00    2.041546E+00   
 1.867820E+00    2.092571E+00   
 1.897298E+00    2.144385E+00   
 1.927174E+00    2.196992E+00   
 1.957449E+00    2.250393E+00   
 1.988120E+00    2.304592E+00   
 2.019188E+00    2.359589E+00   
 2.050651E+00    2.415386E+00   
 2.082507E+00    2.471982E+00   
 2.114755E+00    2.529378E+00   
 2.147391E+00    2.587571E+00   
 2.180412E+00    2.646559E+00   
 2.213815E+00    2.706339E+00   
 2.247595E+00    2.766907E+00   
 2.281747E+00    2.828258E+00   
 2.316267E+00    2.890385E+00   
 2.351147E+00    2.953282E+00   
 2.386382E+00    3.016940E+00   
 2.421965E+00    3.081351E+00   
 2.457886E+00    3.146502E+00   
 2.494139E+00    3.212383E+00   
 2.530712E+00    3.278980E+00   
 2.567597E+00    3.346278E+00   
 2.604781E+00    3.414263E+00   
 2.642255E+00    3.482915E+00   
 2.680004E+00    3.552218E+00   
 2.718016E+00    3.622150E+00   
 2.756277E+00    3.692690E+00   
 2.794772E+00    3.763813E+00   
 2.833484E+00    3.835496E+00   
 2.872398E+00    3.907711E+00   
 2.911494E+00    3.980430E+00   
 2.950756E+00    4.053622E+00   
 2.990163E+00    4.127256E+00   
 3.029694E+00    4.201298E+00   
 3.069329E+00    4.275712E+00   
 3.109045E+00    4.350461E+00   
 3.148819E+00    4.425506E+00   
 3.188626E+00    4.500805E+00   
 3.228441E+00    4.576315E+00   
 3.268238E+00    4.651992E+00   
 3.307991E+00    4.727789E+00   
 3.347670E+00    4.803657E+00   
 3.387248E+00    4.879546E+00   
 3.426694E+00    4.955403E+00   
 3.465977E+00    5.031174E+00   
 3.505066E+00    5.106804E+00   
 3.543929E+00    5.182234E+00   
 3.582533E+00    5.257406E+00   
 3.620843E+00    5.332258E+00   
 3.658825E+00    5.406728E+00   
 3.696444E+00    5.480751E+00   
 3.733664E+00    5.554264E+00   
 3.770448E+00    5.627197E+00   
 3.806760E+00    5.699484E+00   
 3.842561E+00    5.771055E+00   
 3.877814E+00    5.841841E+00   
 3.912482E+00    5.911768E+00   
 3.946525E+00    5.980766E+00   
 3.979904E+00    6.048762E+00   
 4.012582E+00    6.115682E+00   
 4.044519E+00    6.181453E+00   
 4.075677E+00    6.246001E+00   
 4.106018E+00    6.309251E+00   
 4.135502E+00    6.371129E+00   
 4.164092E+00    6.431562E+00   
 4.191750E+00    6.490476E+00   
 4.218439E+00    6.547798E+00   
 4.244124E+00    6.603455E+00   
 4.268767E+00    6.657378E+00   
 4.292334E+00    6.709495E+00   
 4.314792E+00    6.759737E+00   
 4.336107E+00    6.808037E+00   
 4.356246E+00    6.854330E+00   
 4.375180E+00    6.898552E+00   
 4.392879E+00    6.940640E+00   
 4.409315E+00    6.980536E+00   
 4.424460E+00    7.018181E+00   
 4.438291E+00    7.053521E+00   
 4.450783E+00    7.086505E+00   
 4.461914E+00    7.117083E+00   
 4.471666E+00    7.145209E+00   
 4.480019E+00    7.170841E+00   
 4.486957E+00    7.193939E+00   
 4.492467E+00    7.214466E+00   
 4.496535E+00    7.232392E+00   
 4.499152E+00    7.247687E+00   
 4.500310E+00    7.260326E+00   
 4.500002E+00    7.270288E+00   
 4.498226E+00    7.277556E+00   
 4.494979E+00    7.282118E+00   
 4.490263E+00    7.283965E+00   
 4.484080E+00    7.283091E+00   
 4.476435E+00    7.279495E+00   
 4.467335E+00    7.273183E+00   
 4.456791E+00    7.264160E+00   
 4.444813E+00    7.252439E+00   
 4.431415E+00    7.238035E+00   
 4.416614E+00    7.220968E+00   
 4.400427E+00    7.201262E+00   
 4.382874E+00    7.178945E+00   
 4.363977E+00    7.154048E+00   
 4.343759E+00    7.126606E+00   
 4.322246E+00    7.096657E+00   
 4.299465E+00    7.064244E+00   
 4.275445E+00    7.029413E+00   
 4.250216E+00    6.992211E+00   
 4.223810E+00    6.952692E+00   
 4.196260E+00    6.910908E+00   
 4.167601E+00    6.866919E+00   
 4.137868E+00    6.820782E+00   
 4.107098E+00    6.772562E+00   
 4.075328E+00    6.722321E+00   
 4.042598E+00    6.670127E+00   
 4.008947E+00    6.616048E+00   
 3.974415E+00    6.560153E+00   
 3.939041E+00    6.502514E+00   
 3.902868E+00    6.443204E+00   
 3.865937E+00    6.382295E+00   
 3.828290E+00    6.319863E+00   
 3.789968E+00    6.255983E+00   
 3.751013E+00    6.190730E+00   
 3.711467E+00    6.124180E+00   
 3.671372E+00    6.056410E+00   
 3.630770E+00    5.987495E+00   
 3.589702E+00    5.917512E+00   
 3.548208E+00    5.846535E+00   
 3.506330E+00    5.774641E+00   
 3.464108E+00    5.701903E+00   
 3.421580E+00    5.628396E+00   
 3.378785E+00    5.554191E+00   
 3.335763E+00    5.479361E+00   
 3.292549E+00    5.403977E+00   
 3.249181E+00    5.328107E+00   
 3.205694E+00    5.251820E+00   
 3.162123E+00    5.175182E+00   
 3.118502E+00    5.098258E+00   
 3.074863E+00    5.021112E+00   
 3.031239E+00    4.943805E+00   
 2.987659E+00    4.866398E+00   
 2.944155E+00    4.788948E+00   
 2.900755E+00    4.711513E+00   
 2.857486E+00    4.634145E+00   
 2.814375E+00    4.556899E+00   
 2.771447E+00    4.479825E+00   
 2.728727E+00    4.402971E+00   
 2.686238E+00    4.326384E+00   
 2.644003E+00    4.250110E+00   
 2.602041E+00    4.174191E+00   
 2.560374E+00    4.098667E+00   
 2.519020E+00    4.023579E+00   
 2.477996E+00    3.948962E+00   
 2.437321E+00    3.874853E+00   
 2.397010E+00    3.801284E+00   
 2.357076E+00    3.728286E+00   
 2.317535E+00    3.655889E+00   
 2.278399E+00    3.584121E+00   
 2.239680E+00    3.513008E+00   
 2.201388E+00    3.442574E+00   
 2.163535E+00    3.372841E+00   
 2.126129E+00    3.303830E+00   
 2.089178E+00    3.235560E+00   
 2.052690E+00    3.168049E+00   
 2.016671E+00    3.101314E+00   
 1.981129E+00    3.035368E+00   
 1.946067E+00    2.970226E+00   
 1.911490E+00    2.905898E+00   
 1.877403E+00    2.842396E+00   
 1.843808E+00    2.779728E+00   
 1.810708E+00    2.717903E+00   
 1.778104E+00    2.656927E+00   
 1.745999E+00    2.596806E+00   
 1.714394E+00    2.537546E+00   
 1.683287E+00    2.479148E+00   
 1.652680E+00    2.421617E+00   
 1.622571E+00    2.364953E+00   
 1.592960E+00    2.309157E+00   
 1.563845E+00    2.254230E+00   
 1.535224E+00    2.200170E+00   
 1.507095E+00    2.146975E+00   
 1.479455E+00    2.094644E+00   
 1.452301E+00    2.043172E+00   
 1.425630E+00    1.992557E+00   
 1.399439E+00    1.942794E+00   
 1.373723E+00    1.893879E+00   
 1.348479E+00    1.845804E+00   
 1.323703E+00    1.798566E+00   
 1.299389E+00    1.752156E+00   
 1.275533E+00    1.706570E+00   
 1.252131E+00    1.661798E+00   
 1.229177E+00    1.617835E+00   
 1.206666E+00    1.574671E+00   
 1.184593E+00    1.532298E+00   
 1.162952E+00    1.490709E+00   
 1.141738E+00    1.449893E+00   
 1.120945E+00    1.409843E+00   
 1.100568E+00    1.370549E+00   
 1.080600E+00    1.332002E+00   
 1.061037E+00    1.294192E+00   
 1.041871E+00    1.257109E+00   
 1.023098E+00    1.220743E+00   
 1.004710E+00    1.185085E+00   
 9.867034E-01    1.150124E+00   
 9.690705E-01    1.115851E+00   
 9.518059E-01    1.082255E+00   
 9.349034E-01    1.049326E+00   
 9.183572E-01    1.017054E+00   
 9.021613E-01    9.854285E-01   
 8.863096E-01    9.544390E-01   
 8.707963E-01    9.240755E-01   
 8.556155E-01    8.943277E-01   
 8.407613E-01    8.651854E-01   
 8.262278E-01    8.366384E-01   
 8.120093E-01    8.086766E-01   
 7.981001E-01    7.812900E-01   
 7.844944E-01    7.544684E-01   
 7.711867E-01    7.282020E-01   
 7.581712E-01    7.024809E-01   
 7.454426E-01    6.772953E-01   
 7.329954E-01    6.526354E-01   
 7.208241E-01    6.284918E-01   
 7.089235E-01    6.048547E-01   
 6.972882E-01    5.817149E-01   
 6.859131E-01    5.590631E-01   
 6.747930E-01    5.368899E-01   
 6.639229E-01    5.151863E-01   
 6.532978E-01    4.939434E-01   
 6.429127E-01    4.731522E-01   
 6.327629E-01    4.528041E-01   
 6.228436E-01    4.328903E-01   
 6.131500E-01    4.134024E-01   
 6.036776E-01    3.943320E-01   
 5.944219E-01    3.756708E-01   
 5.853782E-01    3.574107E-01   
 5.765424E-01    3.395436E-01   
 5.679099E-01    3.220618E-01   
 5.594767E-01    3.049573E-01   
 5.512385E-01    2.882227E-01   
 5.431912E-01    2.718503E-01   
 5.353308E-01    2.558328E-01   
 5.276533E-01    2.401630E-01   
 5.201549E-01    2.248336E-01   
 5.128318E-01    2.098377E-01   
 5.056803E-01    1.951685E-01   
 4.986966E-01    1.808190E-01   
 4.918771E-01    1.667828E-01   
 4.852185E-01    1.530532E-01   
 4.787171E-01    1.396239E-01   
 4.723696E-01    1.264887E-01   
 4.661727E-01    1.136412E-01   
 4.601232E-01    1.010755E-01   
 4.542178E-01    8.878570E-02   
 4.484534E-01    7.676591E-02   
 4.428269E-01    6.501045E-02   
 4.373354E-01    5.351373E-02   
 4.319759E-01    4.227027E-02   
 4.267455E-01    3.127467E-02   
 4.216415E-01    2.052169E-02   
 4.166610E-01    1.000614E-02   
 4.118013E-01   -2.770176E-04   
 4.070599E-01   -1.033276E-02   
 4.024340E-01   -2.016593E-02   
 3.979212E-01   -2.978130E-02   
 3.935191E-01   -3.918353E-02   
 3.892250E-01   -4.837717E-02   
 3.850368E-01   -5.736672E-02   
 3.809520E-01   -6.615653E-02   
 3.769684E-01   -7.475091E-02   
 3.730837E-01   -8.315404E-02   
 3.692958E-01   -9.137005E-02   
 3.656026E-01   -9.940296E-02   
 3.620019E-01   -1.072567E-01   
 3.584917E-01   -1.149351E-01   
 3.550700E-01   -1.224420E-01   
 3.517349E-01   -1.297811E-01   
 3.484845E-01   -1.369559E-01   
 3.453168E-01   -1.439701E-01   
 3.422301E-01   -1.508270E-01   
 3.392225E-01   -1.575302E-01   
 3.362924E-01   -1.640828E-01   
 3.334380E-01   -1.704881E-01   
 3.306576E-01   -1.767494E-01   
 3.279497E-01   -1.828696E-01   
 3.253125E-01   -1.888520E-01   
 3.227446E-01   -1.946993E-01   
 3.202445E-01   -2.004146E-01   
 3.178105E-01   -2.060007E-01   
 3.154414E-01   -2.114604E-01   
 3.131355E-01   -2.167964E-01   
 3.108916E-01   -2.220113E-01   
 3.087083E-01   -2.271078E-01   
 3.065842E-01   -2.320884E-01   
 3.045181E-01   -2.369557E-01   
 3.025086E-01   -2.417120E-01   
 3.005545E-01   -2.463597E-01   
 2.986547E-01   -2.509013E-01   
 2.968078E-01   -2.553388E-01   
 2.950128E-01   -2.596747E-01   
 2.932684E-01   -2.639111E-01   
 2.915737E-01   -2.680501E-01   
 2.899274E-01   -2.720938E-01   
 2.883286E-01   -2.760443E-01   
 2.867762E-01   -2.799035E-01   
 2.852691E-01   -2.836734E-01   
 2.838064E-01   -2.873560E-01   
 2.823871E-01   -2.909531E-01   
 2.810103E-01   -2.944664E-01   
 2.796750E-01   -2.978979E-01   
 2.783803E-01   -3.012493E-01   
 2.771253E-01   -3.045223E-01   
 2.759091E-01   -3.077185E-01   
 2.747310E-01   -3.108396E-01   
 2.735901E-01   -3.138872E-01   
 2.724855E-01   -3.168629E-01   
 2.714165E-01   -3.197682E-01   
 2.703822E-01   -3.226045E-01   
 2.693820E-01   -3.253735E-01   
 2.684151E-01   -3.280764E-01   
 2.674808E-01   -3.307148E-01   
 2.665783E-01   -3.332899E-01   
 2.657069E-01   -3.358032E-01   
 2.648661E-01   -3.382559E-01   
 2.640550E-01   -3.406493E-01   
 2.632732E-01   -3.429847E-01   
 2.625199E-01   -3.452633E-01   
 2.617944E-01   -3.474863E-01   
 2.610963E-01   -3.496549E-01   
 2.604249E-01   -3.517703E-01   
 2.597797E-01   -3.538335E-01   
 2.591600E-01   -3.558457E-01   
 2.585653E-01   -3.578079E-01   
 2.579950E-01   -3.597213E-01   
 2.574488E-01   -3.615867E-01   
 2.569259E-01   -3.634053E-01   
 2.564259E-01   -3.651781E-01   
 2.559484E-01   -3.669059E-01   
 2.554928E-01   -3.685898E-01   
 2.550586E-01   -3.702307E-01   
 2.546454E-01   -3.718294E-01   
 2.542528E-01   -3.733869E-01   
 2.538802E-01   -3.749040E-01   
 2.535273E-01   -3.763816E-01   
 2.531937E-01   -3.778205E-01   
 2.528788E-01   -3.792215E-01   
 2.525823E-01   -3.805854E-01   
 2.523039E-01   -3.819130E-01   
 2.520430E-01   -3.832051E-01   
 2.517994E-01   -3.844623E-01   
 2.515727E-01   -3.856855E-01   
 2.513624E-01   -3.868753E-01   
 2.511683E-01   -3.880325E-01   
 2.509900E-01   -3.891576E-01   
 2.508271E-01   -3.902515E-01   
 2.506794E-01   -3.913147E-01   
 2.505464E-01   -3.923479E-01   
 2.504279E-01   -3.933517E-01   
 2.503235E-01   -3.943267E-01   
 2.502330E-01   -3.952735E-01   
 2.501560E-01   -3.961928E-01   
 2.500923E-01   -3.970850E-01   
 2.500415E-01   -3.979508E-01   
 2.500034E-01   -3.987907E-01   
 2.499777E-01   -3.996052E-01   
 2.499642E-01   -4.003949E-01   
 2.499625E-01   -4.011603E-01   
 2.499724E-01   -4.019019E-01   
 2.499937E-01   -4.026202E-01   
 2.500261E-01   -4.033157E-01   
 2.500694E-01   -4.039888E-01   
 2.501233E-01   -4.046401E-01   
 2.501876E-01   -4.052699E-01   
 2.502621E-01   -4.058787E-01   
 2.503465E-01   -4.064671E-01   
 2.504407E-01   -4.070353E-01   
 2.505444E-01   -4.075838E-01   
 2.506574E-01   -4.081130E-01   
 2.507795E-01   -4.086233E-01   
 2.509105E-01   -4.091152E-01   
 2.510502E-01   -4.095890E-01   
 2.511985E-01   -4.100450E-01   
 2.513550E-01   -4.104837E-01   
 2.515197E-01   -4.109054E-01   
 2.516924E-01   -4.113104E-01   
 2.518729E-01   -4.116992E-01   
 2.520610E-01   -4.120720E-01   
 2.522565E-01   -4.124293E-01   
 2.524593E-01   -4.127712E-01   
 2.526693E-01   -4.130981E-01   
 2.528861E-01   -4.134104E-01   
 2.531098E-01   -4.137084E-01   
 2.533402E-01   -4.139923E-01   
 2.535770E-01   -4.142625E-01   
 2.538203E-01   -4.145192E-01   
 2.540697E-01   -4.147627E-01   
 2.543252E-01   -4.149933E-01   
 2.545866E-01   -4.152113E-01   
 2.548538E-01   -4.154169E-01   
 2.551267E-01   -4.156104E-01   
 2.554052E-01   -4.157920E-01   
 2.556890E-01   -4.159621E-01   
 2.559782E-01   -4.161208E-01   
 2.562725E-01   -4.162683E-01   
 2.565718E-01   -4.164050E-01   
 2.568761E-01   -4.165311E-01   
 2.571852E-01   -4.166467E-01   
 2.574990E-01   -4.167521E-01   
 2.578174E-01   -4.168475E-01   
 2.581403E-01   -4.169332E-01   
 2.584676E-01   -4.170093E-01   
 2.587991E-01   -4.170760E-01   
 2.591348E-01   -4.171335E-01   
 2.594746E-01   -4.171821E-01   
 2.598184E-01   -4.172220E-01   
 2.601661E-01   -4.172532E-01   
 2.605175E-01   -4.172760E-01   
 2.608727E-01   -4.172906E-01   
 2.612315E-01   -4.172972E-01   
 2.615938E-01   -4.172959E-01   
 2.619595E-01   -4.172869E-01   
 2.623286E-01   -4.172704E-01   
 2.627010E-01   -4.172465E-01   
 2.630765E-01   -4.172153E-01   
 2.634552E-01   -4.171772E-01   
 2.638368E-01   -4.171321E-01   
 2.642215E-01   -4.170803E-01   
 2.646090E-01   -4.170219E-01   
 2.649993E-01   -4.169570E-01   
 2.653924E-01   -4.168859E-01   
