 5.000000E-01   -8.660254E-01   
 5.021652E-01   -8.647707E-01   
 5.043264E-01   -8.635090E-01   
 5.064835E-01   -8.622405E-01   
 5.086366E-01   -8.609650E-01   
 5.107855E-01   -8.596827E-01   
 5.129304E-01   -8.583935E-01   
 5.150710E-01   -8.570974E-01   
 5.172075E-01   -8.557945E-01   
 5.193398E-01   -8.544848E-01   
 5.214678E-01   -8.531682E-01   
 5.235916E-01   -8.518449E-01   
 5.257111E-01   -8.505148E-01   
 5.278263E-01   -8.491779E-01   
 5.299372E-01   -8.478343E-01   
 5.320438E-01   -8.464839E-01   
 5.341459E-01   -8.451268E-01   
 5.362437E-01   -8.437630E-01   
 5.383370E-01   -8.423926E-01   
 5.404260E-01   -8.410154E-01   
 5.425104E-01   -8.396317E-01   
 5.445903E-01   -8.382412E-01   
 5.466658E-01   -8.368442E-01   
 5.487367E-01   -8.354405E-01   
 5.508030E-01   -8.340303E-01   
 5.528647E-01   -8.326135E-01   
 5.549219E-01   -8.311901E-01   
 5.569744E-01   -8.297602E-01   
 5.590222E-01   -8.283238E-01   
 5.610654E-01   -8.268809E-01   
 5.631039E-01   -8.254315E-01   
 5.651377E-01   -8.239756E-01   
 5.671667E-01   -8.225133E-01   
 5.691909E-01   -8.210445E-01   
 5.712103E-01   -8.195693E-01   
 5.732250E-01   -8.180877E-01   
 5.752348E-01   -8.165997E-01   
 5.772397E-01   -8.151054E-01   
 5.792397E-01   -8.136047E-01   
 5.812349E-01   -8.120976E-01   
 5.832251E-01   -8.105843E-01   
 5.852104E-01   -8.090647E-01   
 5.871907E-01   -8.075388E-01   
 5.891660E-01   -8.060066E-01   
 5.911363E-01   -8.044682E-01   
 5.931015E-01   -8.029235E-01   
 5.950617E-01   -8.013727E-01   
 5.970169E-01   -7.998157E-01   
 5.989669E-01   -7.982525E-01   
 6.009118E-01   -7.966831E-01   
 6.028515E-01   -7.951077E-01   
 6.047861E-01   -7.935261E-01   
 6.067155E-01   -7.919384E-01   
 6.086397E-01   -7.903447E-01   
 6.105586E-01   -7.887449E-01   
 6.124723E-01   -7.871390E-01   
 6.143807E-01   -7.855272E-01   
 6.162839E-01   -7.839093E-01   
 6.181817E-01   -7.822855E-01   
 6.200742E-01   -7.806557E-01   
 6.219613E-01   -7.790200E-01   
 6.238430E-01   -7.773783E-01   
 6.257194E-01   -7.757308E-01   
 6.275903E-01   -7.740774E-01   
 6.294558E-01   -7.724181E-01   
 6.313158E-01   -7.707529E-01   
 6.331704E-01   -7.690820E-01   
 6.350194E-01   -7.674052E-01   
 6.368630E-01   -7.657227E-01   
 6.387009E-01   -7.640344E-01   
 6.405334E-01   -7.623404E-01   
 6.423602E-01   -7.606407E-01   
 6.441815E-01   -7.589352E-01   
 6.459971E-01   -7.572241E-01   
 6.478071E-01   -7.555073E-01   
 6.496114E-01   -7.537849E-01   
 6.514101E-01   -7.520569E-01   
 6.532030E-01   -7.503232E-01   
 6.549903E-01   -7.485840E-01   
 6.567718E-01   -7.468393E-01   
 6.585475E-01   -7.450890E-01   
 6.603175E-01   -7.433332E-01   
 6.620817E-01   -7.415719E-01   
 6.638401E-01   -7.398051E-01   
 6.655926E-01   -7.380329E-01   
 6.673393E-01   -7.362553E-01   
 6.690801E-01   -7.344723E-01   
 6.708151E-01   -7.326838E-01   
 6.725441E-01   -7.308901E-01   
 6.742672E-01   -7.290909E-01   
 6.759844E-01   -7.272865E-01   
 6.776956E-01   -7.254767E-01   
 6.794008E-01   -7.236617E-01   
 6.811001E-01   -7.218415E-01   
 6.827933E-01   -7.200160E-01   
 6.844805E-01   -7.181852E-01   
 6.861616E-01   -7.163494E-01   
 6.878367E-01   -7.145083E-01   
 6.895057E-01   -7.126621E-01   
 6.911685E-01   -7.108108E-01   
 6.928253E-01   -7.089543E-01   
 6.944759E-01   -7.070928E-01   
 6.961204E-01   -7.052263E-01   
 6.977587E-01   -7.033547E-01   
 6.993908E-01   -7.014781E-01   
 7.010167E-01   -6.995966E-01   
 7.026364E-01   -6.977100E-01   
 7.042499E-01   -6.958186E-01   
 7.058571E-01   -6.939222E-01   
 7.074580E-01   -6.920209E-01   
 7.090527E-01   -6.901147E-01   
 7.106410E-01   -6.882037E-01   
 7.122230E-01   -6.862879E-01   
 7.137987E-01   -6.843673E-01   
 7.153680E-01   -6.824419E-01   
 7.169310E-01   -6.805117E-01   
 7.184875E-01   -6.785768E-01   
 7.200377E-01   -6.766372E-01   
 7.215815E-01   -6.746929E-01   
 7.231188E-01   -6.727440E-01   
 7.246497E-01   -6.707904E-01   
 7.261741E-01   -6.688322E-01   
 7.276920E-01   -6.668694E-01   
 7.292035E-01   -6.649021E-01   
 7.307084E-01   -6.629302E-01   
 7.322068E-01   -6.609538E-01   
 7.336987E-01   -6.589729E-01   
 7.351840E-01   -6.569875E-01   
 7.366628E-01   -6.549977E-01   
 7.381350E-01   -6.530034E-01   
 7.396005E-01   -6.510048E-01   
 7.410595E-01   -6.490018E-01   
 7.425119E-01   -6.469944E-01   
 7.439576E-01   -6.449827E-01   
 7.453966E-01   -6.429667E-01   
 7.468290E-01   -6.409464E-01   
 7.482547E-01   -6.389219E-01   
 7.496737E-01   -6.368932E-01   
 7.510860E-01   -6.348602E-01   
 7.524916E-01   -6.328231E-01   
 7.538904E-01   -6.307818E-01   
 7.552825E-01   -6.287363E-01   
 7.566678E-01   -6.266868E-01   
 7.580464E-01   -6.246332E-01   
 7.594181E-01   -6.225755E-01   
 7.607831E-01   -6.205138E-01   
 7.621412E-01   -6.184481E-01   
 7.634926E-01   -6.163785E-01   
 7.648370E-01   -6.143048E-01   
 7.661747E-01   -6.122272E-01   
 7.675054E-01   -6.101458E-01   
 7.688293E-01   -6.080604E-01   
 7.701463E-01   -6.059712E-01   
 7.714564E-01   -6.038781E-01   
 7.727596E-01   -6.017813E-01   
 7.740558E-01   -5.996807E-01   
 7.753451E-01   -5.975763E-01   
 7.766275E-01   -5.954682E-01   
 7.779029E-01   -5.933563E-01   
 7.791713E-01   -5.912408E-01   
 7.804327E-01   -5.891217E-01   
 7.816872E-01   -5.869989E-01   
 7.829346E-01   -5.848725E-01   
 7.841750E-01   -5.827426E-01   
 7.854084E-01   -5.806090E-01   
 7.866347E-01   -5.784720E-01   
 7.878540E-01   -5.763315E-01   
 7.890663E-01   -5.741875E-01   
 7.902714E-01   -5.720400E-01   
 7.914695E-01   -5.698891E-01   
 7.926605E-01   -5.677348E-01   
 7.938444E-01   -5.655772E-01   
 7.950211E-01   -5.634162E-01   
 7.961908E-01   -5.612519E-01   
 7.973533E-01   -5.590843E-01   
 7.985086E-01   -5.569134E-01   
 7.996568E-01   -5.547393E-01   
 8.007979E-01   -5.525619E-01   
 8.019317E-01   -5.503814E-01   
 8.030584E-01   -5.481977E-01   
 8.041779E-01   -5.460109E-01   
 8.052902E-01   -5.438209E-01   
 8.063953E-01   -5.416279E-01   
 8.074931E-01   -5.394318E-01   
 8.085838E-01   -5.372327E-01   
 8.096671E-01   -5.350306E-01   
 8.107433E-01   -5.328255E-01   
 8.118122E-01   -5.306174E-01   
 8.128738E-01   -5.284064E-01   
 8.139282E-01   -5.261926E-01   
 8.149752E-01   -5.239758E-01   
 8.160150E-01   -5.217562E-01   
 8.170475E-01   -5.195338E-01   
 8.180727E-01   -5.173085E-01   
 8.190906E-01   -5.150805E-01   
 8.201011E-01   -5.128498E-01   
 8.211043E-01   -5.106163E-01   
 8.221002E-01   -5.083802E-01   
 8.230888E-01   -5.061414E-01   
 8.240700E-01   -5.038999E-01   
 8.250438E-01   -5.016559E-01   
 8.260103E-01   -4.994092E-01   
 8.269694E-01   -4.971600E-01   
 8.279211E-01   -4.949083E-01   
 8.288654E-01   -4.926541E-01   
 8.298024E-01   -4.903974E-01   
 8.307319E-01   -4.881382E-01   
 8.316540E-01   -4.858766E-01   
 8.325688E-01   -4.836126E-01   
 8.334761E-01   -4.813463E-01   
 8.343760E-01   -4.790776E-01   
 8.352684E-01   -4.768066E-01   
 8.361534E-01   -4.745333E-01   
 8.370310E-01   -4.722577E-01   
 8.379011E-01   -4.699799E-01   
 8.387638E-01   -4.676999E-01   
 8.396190E-01   -4.654177E-01   
 8.404668E-01   -4.631333E-01   
 8.413071E-01   -4.608469E-01   
 8.421399E-01   -4.585583E-01   
 8.429652E-01   -4.562676E-01   
 8.437831E-01   -4.539749E-01   
 8.445934E-01   -4.516802E-01   
 8.453963E-01   -4.493835E-01   
 8.461916E-01   -4.470848E-01   
 8.469795E-01   -4.447841E-01   
 8.477598E-01   -4.424816E-01   
 8.485327E-01   -4.401771E-01   
 8.492980E-01   -4.378708E-01   
 8.500558E-01   -4.355627E-01   
 8.508061E-01   -4.332528E-01   
 8.515488E-01   -4.309410E-01   
 8.522840E-01   -4.286276E-01   
 8.530117E-01   -4.263124E-01   
 8.537318E-01   -4.239955E-01   
 8.544444E-01   -4.216769E-01   
 8.551495E-01   -4.193567E-01   
 8.558470E-01   -4.170348E-01   
 8.565369E-01   -4.147114E-01   
 8.572193E-01   -4.123864E-01   
 8.578941E-01   -4.100599E-01   
 8.585614E-01   -4.077319E-01   
 8.592211E-01   -4.054023E-01   
 8.598732E-01   -4.030714E-01   
 8.605178E-01   -4.007389E-01   
 8.611548E-01   -3.984051E-01   
 8.617842E-01   -3.960699E-01   
 8.624060E-01   -3.937334E-01   
 8.630203E-01   -3.913955E-01   
 8.636270E-01   -3.890564E-01   
 8.642261E-01   -3.867159E-01   
 8.648176E-01   -3.843743E-01   
 8.654015E-01   -3.820314E-01   
 8.659778E-01   -3.796873E-01   
 8.665466E-01   -3.773421E-01   
 8.671078E-01   -3.749957E-01   
 8.676613E-01   -3.726483E-01   
 8.682073E-01   -3.702997E-01   
 8.687457E-01   -3.679501E-01   
 8.692765E-01   -3.655995E-01   
 8.697997E-01   -3.632478E-01   
 8.703153E-01   -3.608952E-01   
 8.708233E-01   -3.585417E-01   
 8.713237E-01   -3.561872E-01   
 8.718165E-01   -3.538318E-01   
 8.723017E-01   -3.514756E-01   
 8.727793E-01   -3.491185E-01   
 8.732493E-01   -3.467606E-01   
 8.737117E-01   -3.444020E-01   
 8.741665E-01   -3.420425E-01   
 8.746138E-01   -3.396824E-01   
 8.750534E-01   -3.373215E-01   
 8.754854E-01   -3.349599E-01   
 8.759098E-01   -3.325977E-01   
 8.763267E-01   -3.302349E-01   
 8.767359E-01   -3.278715E-01   
 8.771375E-01   -3.255075E-01   
 8.775316E-01   -3.231430E-01   
 8.779181E-01   -3.207779E-01   
 8.782969E-01   -3.184123E-01   
 8.786682E-01   -3.160463E-01   
 8.790319E-01   -3.136799E-01   
 8.793880E-01   -3.113130E-01   
 8.797365E-01   -3.089457E-01   
 8.800775E-01   -3.065781E-01   
 8.804108E-01   -3.042101E-01   
 8.807366E-01   -3.018419E-01   
 8.810548E-01   -2.994733E-01   
 8.813654E-01   -2.971045E-01   
 8.816685E-01   -2.947355E-01   
 8.819640E-01   -2.923663E-01   
 8.822519E-01   -2.899969E-01   
 8.825322E-01   -2.876273E-01   
 8.828050E-01   -2.852576E-01   
 8.830702E-01   -2.828879E-01   
 8.833279E-01   -2.805180E-01   
 8.835780E-01   -2.781481E-01   
 8.838206E-01   -2.757782E-01   
 8.840556E-01   -2.734083E-01   
 8.842831E-01   -2.710384E-01   
 8.845030E-01   -2.686686E-01   
 8.847154E-01   -2.662989E-01   
 8.849202E-01   -2.639293E-01   
 8.851176E-01   -2.615598E-01   
 8.853074E-01   -2.591905E-01   
 8.854896E-01   -2.568214E-01   
 8.856644E-01   -2.544525E-01   
 8.858316E-01   -2.520838E-01   
 8.859913E-01   -2.497154E-01   
 8.861436E-01   -2.473473E-01   
 8.862883E-01   -2.449795E-01   
 8.864255E-01   -2.426121E-01   
 8.865552E-01   -2.402450E-01   
 8.866775E-01   -2.378784E-01   
 8.867922E-01   -2.355121E-01   
 8.868995E-01   -2.331463E-01   
 8.869993E-01   -2.307810E-01   
 8.870916E-01   -2.284161E-01   
 8.871765E-01   -2.260518E-01   
 8.872539E-01   -2.236881E-01   
 8.873238E-01   -2.213249E-01   
 8.873863E-01   -2.189623E-01   
 8.874414E-01   -2.166004E-01   
 8.874890E-01   -2.142390E-01   
 8.875292E-01   -2.118784E-01   
 8.875620E-01   -2.095185E-01   
 8.875873E-01   -2.071593E-01   
 8.876053E-01   -2.048008E-01   
 8.876158E-01   -2.024431E-01   
 8.876189E-01   -2.000863E-01   
 8.876147E-01   -1.977302E-01   
 8.876030E-01   -1.953750E-01   
 8.875840E-01   -1.930207E-01   
 8.875575E-01   -1.906673E-01   
 8.875238E-01   -1.883148E-01   
 8.874826E-01   -1.859633E-01   
 8.874341E-01   -1.836127E-01   
 8.873783E-01   -1.812632E-01   
 8.873151E-01   -1.789146E-01   
 8.872445E-01   -1.765671E-01   
 8.871667E-01   -1.742207E-01   
 8.870815E-01   -1.718754E-01   
 8.869890E-01   -1.695312E-01   
 8.868892E-01   -1.671882E-01   
 8.867822E-01   -1.648464E-01   
 8.866678E-01   -1.625057E-01   
 8.865461E-01   -1.601662E-01   
 8.864172E-01   -1.578281E-01   
 8.862810E-01   -1.554911E-01   
 8.861375E-01   -1.531555E-01   
 8.859868E-01   -1.508212E-01   
 8.858289E-01   -1.484882E-01   
 8.856637E-01   -1.461566E-01   
 8.854913E-01   -1.438264E-01   
 8.853117E-01   -1.414976E-01   
 8.851249E-01   -1.391703E-01   
 8.849309E-01   -1.368444E-01   
 8.847296E-01   -1.345200E-01   
 8.845212E-01   -1.321971E-01   
 8.843057E-01   -1.298757E-01   
 8.840829E-01   -1.275559E-01   
 8.838531E-01   -1.252377E-01   
 8.836160E-01   -1.229211E-01   
 8.833719E-01   -1.206061E-01   
 8.831206E-01   -1.182928E-01   
 8.828622E-01   -1.159811E-01   
 8.825967E-01   -1.136712E-01   
 8.823240E-01   -1.113630E-01   
 8.820443E-01   -1.090565E-01   
 8.817576E-01   -1.067517E-01   
 8.814637E-01   -1.044488E-01   
 8.811628E-01   -1.021477E-01   
 8.808549E-01   -9.984844E-02   
 8.805399E-01   -9.755103E-02   
 8.802179E-01   -9.525550E-02   
 8.798888E-01   -9.296188E-02   
 8.795528E-01   -9.067019E-02   
 8.792098E-01   -8.838046E-02   
 8.788597E-01   -8.609269E-02   
 8.785027E-01   -8.380693E-02   
 8.781388E-01   -8.152319E-02   
 8.777679E-01   -7.924149E-02   
 8.773900E-01   -7.696186E-02   
 8.770052E-01   -7.468431E-02   
 8.766135E-01   -7.240887E-02   
 8.762149E-01   -7.013557E-02   
 8.758094E-01   -6.786442E-02   
 8.753970E-01   -6.559545E-02   
 8.749777E-01   -6.332868E-02   
 8.745516E-01   -6.106413E-02   
 8.741186E-01   -5.880183E-02   
 8.736787E-01   -5.654178E-02   
 8.732321E-01   -5.428403E-02   
 8.727786E-01   -5.202858E-02   
 8.723183E-01   -4.977547E-02   
 8.718512E-01   -4.752471E-02   
 8.713773E-01   -4.527632E-02   
 8.708967E-01   -4.303033E-02   
 8.704093E-01   -4.078675E-02   
 8.699152E-01   -3.854561E-02   
 8.694143E-01   -3.630694E-02   
 8.689067E-01   -3.407074E-02   
 8.683924E-01   -3.183705E-02   
 8.678715E-01   -2.960588E-02   
 8.673438E-01   -2.737725E-02   
 8.668094E-01   -2.515119E-02   
 8.662684E-01   -2.292772E-02   
 8.657208E-01   -2.070686E-02   
 8.651665E-01   -1.848862E-02   
 8.646056E-01   -1.627303E-02   
 8.640381E-01   -1.406012E-02   
 8.634640E-01   -1.184989E-02   
 8.628834E-01   -9.642376E-03   
 8.622961E-01   -7.437593E-03   
 8.617023E-01   -5.235563E-03   
 8.611020E-01   -3.036305E-03   
 8.604951E-01   -8.398396E-04   
 8.598818E-01    1.353812E-03   
 8.592619E-01    3.544631E-03   
 8.586356E-01    5.732596E-03   
 8.580027E-01    7.917687E-03   
 8.573635E-01    1.009988E-02   
 8.567177E-01    1.227917E-02   
 8.560656E-01    1.445552E-02   
 8.554070E-01    1.662892E-02   
 8.547421E-01    1.879934E-02   
 8.540707E-01    2.096678E-02   
 8.533930E-01    2.313120E-02   
 8.527089E-01    2.529259E-02   
 8.520185E-01    2.745093E-02   
 8.513217E-01    2.960620E-02   
 8.506186E-01    3.175838E-02   
 8.499093E-01    3.390745E-02   
 8.491936E-01    3.605339E-02   
 8.484717E-01    3.819619E-02   
 8.477435E-01    4.033582E-02   
 8.470091E-01    4.247227E-02   
 8.462684E-01    4.460551E-02   
 8.455215E-01    4.673553E-02   
 8.447685E-01    4.886231E-02   
 8.440092E-01    5.098583E-02   
 8.432438E-01    5.310607E-02   
 8.424723E-01    5.522302E-02   
 8.416946E-01    5.733665E-02   
 8.409107E-01    5.944695E-02   
 8.401208E-01    6.155390E-02   
 8.393248E-01    6.365747E-02   
 8.385227E-01    6.575766E-02   
 8.377146E-01    6.785445E-02   
 8.369004E-01    6.994781E-02   
 8.360802E-01    7.203773E-02   
 8.352539E-01    7.412419E-02   
 8.344217E-01    7.620717E-02   
 8.335835E-01    7.828666E-02   
 8.327393E-01    8.036264E-02   
 8.318892E-01    8.243508E-02   
 8.310332E-01    8.450398E-02   
 8.301712E-01    8.656932E-02   
 8.293033E-01    8.863107E-02   
 8.284296E-01    9.068923E-02   
 8.275500E-01    9.274377E-02   
 8.266645E-01    9.479468E-02   
 8.257732E-01    9.684194E-02   
 8.248761E-01    9.888553E-02   
 8.239731E-01    1.009254E-01   
 8.230644E-01    1.029616E-01   
 8.221500E-01    1.049941E-01   
 8.212297E-01    1.070229E-01   
 8.203038E-01    1.090479E-01   
 8.193721E-01    1.110691E-01   
 8.184347E-01    1.130866E-01   
 8.174916E-01    1.151003E-01   
 8.165429E-01    1.171101E-01   
 8.155885E-01    1.191161E-01   
 8.146285E-01    1.211183E-01   
 8.136628E-01    1.231166E-01   
 8.126916E-01    1.251110E-01   
 8.117148E-01    1.271016E-01   
 8.107324E-01    1.290882E-01   
 8.097444E-01    1.310709E-01   
 8.087510E-01    1.330496E-01   
 8.077520E-01    1.350245E-01   
 8.067475E-01    1.369953E-01   
 8.057375E-01    1.389621E-01   
 8.047221E-01    1.409250E-01   
 8.037012E-01    1.428838E-01   
 8.026749E-01    1.448386E-01   
 8.016432E-01    1.467893E-01   
 8.006061E-01    1.487360E-01   
 7.995637E-01    1.506786E-01   
 7.985159E-01    1.526171E-01   
 7.974627E-01    1.545515E-01   
 7.964042E-01    1.564818E-01   
 7.953404E-01    1.584080E-01   
 7.942713E-01    1.603300E-01   
 7.931970E-01    1.622478E-01   
 7.921174E-01    1.641615E-01   
 7.910326E-01    1.660710E-01   
 7.899426E-01    1.679762E-01   
 7.888473E-01    1.698773E-01   
 7.877469E-01    1.717741E-01   
 7.866414E-01    1.736667E-01   
 7.855307E-01    1.755550E-01   
 7.844149E-01    1.774390E-01   
 7.832939E-01    1.793187E-01   
 7.821679E-01    1.811942E-01   
 7.810369E-01    1.830653E-01   
 7.799007E-01    1.849321E-01   
 7.787596E-01    1.867946E-01   
 7.776134E-01    1.886527E-01   
 7.764622E-01    1.905064E-01   
 7.753061E-01    1.923558E-01   
 7.741450E-01    1.942007E-01   
 7.729790E-01    1.960413E-01   
 7.718080E-01    1.978774E-01   
 7.706322E-01    1.997091E-01   
 7.694515E-01    2.015364E-01   
 7.682659E-01    2.033592E-01   
 7.670754E-01    2.051775E-01   
 7.658802E-01    2.069914E-01   
 7.646801E-01    2.088007E-01   
 7.634753E-01    2.106056E-01   
 7.622657E-01    2.124059E-01   
 7.610513E-01    2.142018E-01   
 7.598322E-01    2.159930E-01   
 7.586084E-01    2.177798E-01   
 7.573799E-01    2.195619E-01   
 7.561467E-01    2.213395E-01   
 7.549089E-01    2.231125E-01   
 7.536664E-01    2.248809E-01   
 7.524194E-01    2.266447E-01   
 7.511677E-01    2.284038E-01   
 7.499114E-01    2.301584E-01   
 7.486506E-01    2.319083E-01   
 7.473853E-01    2.336535E-01   
 7.461154E-01    2.353941E-01   
 7.448411E-01    2.371300E-01   
 7.435622E-01    2.388612E-01   
 7.422789E-01    2.405877E-01   
 7.409912E-01    2.423095E-01   
 7.396990E-01    2.440266E-01   
 7.384024E-01    2.457389E-01   
 7.371015E-01    2.474465E-01   
 7.357961E-01    2.491494E-01   
 7.344865E-01    2.508475E-01   
 7.331725E-01    2.525409E-01   
 7.318542E-01    2.542294E-01   
 7.305316E-01    2.559132E-01   
 7.292048E-01    2.575922E-01   
 7.278737E-01    2.592664E-01   
 7.265384E-01    2.609357E-01   
 7.251988E-01    2.626002E-01   
 7.238551E-01    2.642599E-01   
 7.225072E-01    2.659148E-01   
 7.211552E-01    2.675647E-01   
 7.197991E-01    2.692099E-01   
 7.184388E-01    2.708501E-01   
 7.170744E-01    2.724855E-01   
 7.157060E-01    2.741160E-01   
 7.143336E-01    2.757415E-01   
 7.129571E-01    2.773622E-01   
 7.115766E-01    2.789779E-01   
 7.101921E-01    2.805888E-01   
 7.088036E-01    2.821947E-01   
 7.074112E-01    2.837956E-01   
 7.060148E-01    2.853916E-01   
 7.046146E-01    2.869826E-01   
 7.032104E-01    2.885687E-01   
 7.018024E-01    2.901498E-01   
 7.003906E-01    2.917259E-01   
 6.989749E-01    2.932970E-01   
 6.975554E-01    2.948631E-01   
 6.961321E-01    2.964243E-01   
 6.947050E-01    2.979804E-01   
 6.932742E-01    2.995314E-01   
 6.918397E-01    3.010775E-01   
 6.904014E-01    3.026185E-01   
 6.889595E-01    3.041545E-01   
 6.875139E-01    3.056854E-01   
 6.860646E-01    3.072112E-01   
 6.846117E-01    3.087320E-01   
 6.831552E-01    3.102478E-01   
 6.816952E-01    3.117584E-01   
 6.802315E-01    3.132640E-01   
 6.787643E-01    3.147644E-01   
 6.772936E-01    3.162598E-01   
 6.758194E-01    3.177501E-01   
 6.743416E-01    3.192352E-01   
 6.728604E-01    3.207152E-01   
 6.713758E-01    3.221901E-01   
 6.698877E-01    3.236599E-01   
 6.683963E-01    3.251246E-01   
 6.669014E-01    3.265841E-01   
 6.654032E-01    3.280384E-01   
 6.639016E-01    3.294876E-01   
 6.623967E-01    3.309317E-01   
 6.608885E-01    3.323705E-01   
 6.593770E-01    3.338042E-01   
 6.578623E-01    3.352328E-01   
 6.563443E-01    3.366561E-01   
 6.548230E-01    3.380743E-01   
 6.532986E-01    3.394872E-01   
 6.517710E-01    3.408950E-01   
 6.502402E-01    3.422976E-01   
 6.487063E-01    3.436949E-01   
 6.471692E-01    3.450871E-01   
 6.456291E-01    3.464740E-01   
 6.440859E-01    3.478557E-01   
 6.425396E-01    3.492322E-01   
 6.409902E-01    3.506035E-01   
 6.394379E-01    3.519695E-01   
 6.378825E-01    3.533303E-01   
 6.363242E-01    3.546858E-01   
 6.347629E-01    3.560361E-01   
 6.331986E-01    3.573812E-01   
 6.316314E-01    3.587209E-01   
 6.300614E-01    3.600555E-01   
 6.284884E-01    3.613847E-01   
 6.269126E-01    3.627087E-01   
 6.253339E-01    3.640274E-01   
 6.237525E-01    3.653409E-01   
 6.221682E-01    3.666490E-01   
 6.205811E-01    3.679519E-01   
 6.189913E-01    3.692495E-01   
 6.173988E-01    3.705418E-01   
 6.158035E-01    3.718289E-01   
 6.142055E-01    3.731106E-01   
 6.126049E-01    3.743870E-01   
 6.110016E-01    3.756582E-01   
 6.093956E-01    3.769240E-01   
 6.077871E-01    3.781845E-01   
 6.061759E-01    3.794397E-01   
 6.045622E-01    3.806896E-01   
 6.029459E-01    3.819342E-01   
 6.013270E-01    3.831735E-01   
 5.997057E-01    3.844074E-01   
 5.980818E-01    3.856360E-01   
 5.964555E-01    3.868593E-01   
 5.948267E-01    3.880773E-01   
 5.931955E-01    3.892900E-01   
 5.915619E-01    3.904973E-01   
 5.899258E-01    3.916993E-01   
 5.882874E-01    3.928960E-01   
 5.866466E-01    3.940873E-01   
 5.850035E-01    3.952733E-01   
 5.833581E-01    3.964539E-01   
 5.817104E-01    3.976292E-01   
 5.800604E-01    3.987992E-01   
 5.784081E-01    3.999638E-01   
 5.767537E-01    4.011231E-01   
 5.750969E-01    4.022771E-01   
 5.734380E-01    4.034257E-01   
 5.717770E-01    4.045689E-01   
 5.701137E-01    4.057068E-01   
 5.684483E-01    4.068394E-01   
 5.667809E-01    4.079666E-01   
 5.651113E-01    4.090884E-01   
 5.634396E-01    4.102049E-01   
 5.617659E-01    4.113161E-01   
 5.600901E-01    4.124219E-01   
 5.584123E-01    4.135223E-01   
 5.567325E-01    4.146174E-01   
 5.550508E-01    4.157072E-01   
 5.533671E-01    4.167916E-01   
 5.516814E-01    4.178706E-01   
 5.499938E-01    4.189443E-01   
 5.483043E-01    4.200126E-01   
 5.466130E-01    4.210756E-01   
 5.449198E-01    4.221333E-01   
 5.432247E-01    4.231855E-01   
 5.415278E-01    4.242325E-01   
 5.398291E-01    4.252740E-01   
 5.381287E-01    4.263103E-01   
 5.364265E-01    4.273412E-01   
 5.347225E-01    4.283667E-01   
 5.330168E-01    4.293869E-01   
 5.313094E-01    4.304017E-01   
 5.296003E-01    4.314112E-01   
 5.278896E-01    4.324153E-01   
 5.261772E-01    4.334141E-01   
 5.244632E-01    4.344076E-01   
 5.227475E-01    4.353957E-01   
 5.210303E-01    4.363785E-01   
 5.193115E-01    4.373559E-01   
 5.175912E-01    4.383280E-01   
 5.158694E-01    4.392948E-01   
 5.141460E-01    4.402562E-01   
 5.124211E-01    4.412123E-01   
 5.106948E-01    4.421631E-01   
 5.089670E-01    4.431085E-01   
 5.072378E-01    4.440486E-01   
 5.055072E-01    4.449834E-01   
 5.037751E-01    4.459129E-01   
 5.020417E-01    4.468370E-01   
 5.003070E-01    4.477559E-01   
 4.985709E-01    4.486694E-01   
 4.968335E-01    4.495776E-01   
 4.950947E-01    4.504804E-01   
 4.933547E-01    4.513780E-01   
 4.916135E-01    4.522703E-01   
 4.898710E-01    4.531572E-01   
 4.881272E-01    4.540389E-01   
 4.863823E-01    4.549152E-01   
 4.846362E-01    4.557863E-01   
 4.828889E-01    4.566521E-01   
 4.811405E-01    4.575126E-01   
 4.793909E-01    4.583678E-01   
 4.776402E-01    4.592177E-01   
 4.758885E-01    4.600623E-01   
 4.741356E-01    4.609017E-01   
 4.723817E-01    4.617357E-01   
 4.706268E-01    4.625645E-01   
 4.688708E-01    4.633881E-01   
 4.671139E-01    4.642064E-01   
 4.653559E-01    4.650194E-01   
 4.635970E-01    4.658271E-01   
 4.618372E-01    4.666296E-01   
 4.600764E-01    4.674269E-01   
 4.583147E-01    4.682189E-01   
 4.565521E-01    4.690057E-01   
 4.547887E-01    4.697872E-01   
 4.530244E-01    4.705635E-01   
 4.512593E-01    4.713346E-01   
 4.494933E-01    4.721005E-01   
 4.477266E-01    4.728611E-01   
 4.459591E-01    4.736165E-01   
 4.441908E-01    4.743667E-01   
 4.424217E-01    4.751117E-01   
 4.406520E-01    4.758515E-01   
 4.388815E-01    4.765861E-01   
 4.371104E-01    4.773155E-01   
 4.353386E-01    4.780397E-01   
 4.335661E-01    4.787588E-01   
 4.317930E-01    4.794726E-01   
 4.300192E-01    4.801813E-01   
 4.282449E-01    4.808848E-01   
 4.264700E-01    4.815831E-01   
 4.246945E-01    4.822763E-01   
 4.229185E-01    4.829644E-01   
 4.211419E-01    4.836472E-01   
 4.193648E-01    4.843250E-01   
 4.175873E-01    4.849976E-01   
 4.158092E-01    4.856651E-01   
 4.140307E-01    4.863274E-01   
 4.122518E-01    4.869846E-01   
 4.104724E-01    4.876367E-01   
 4.086926E-01    4.882837E-01   
 4.069125E-01    4.889256E-01   
 4.051319E-01    4.895624E-01   
 4.033510E-01    4.901941E-01   
 4.015698E-01    4.908207E-01   
 3.997882E-01    4.914423E-01   
 3.980064E-01    4.920587E-01   
 3.962242E-01    4.926701E-01   
 3.944418E-01    4.932765E-01   
 3.926591E-01    4.938777E-01   
 3.908762E-01    4.944740E-01   
 3.890931E-01    4.950651E-01   
 3.873098E-01    4.956513E-01   
 3.855263E-01    4.962324E-01   
 3.837426E-01    4.968085E-01   
 3.819588E-01    4.973796E-01   
 3.801748E-01    4.979456E-01   
 3.783908E-01    4.985067E-01   
 3.766066E-01    4.990627E-01   
 3.748223E-01    4.996138E-01   
 3.730380E-01    5.001599E-01   
 3.712536E-01    5.007010E-01   
 3.694692E-01    5.012372E-01   
 3.676848E-01    5.017683E-01   
 3.659003E-01    5.022946E-01   
 3.641159E-01    5.028158E-01   
 3.623315E-01    5.033322E-01   
 3.605472E-01    5.038436E-01   
 3.587629E-01    5.043500E-01   
 3.569787E-01    5.048516E-01   
 3.551946E-01    5.053482E-01   
 3.534106E-01    5.058399E-01   
 3.516268E-01    5.063268E-01   
 3.498431E-01    5.068087E-01   
 3.480595E-01    5.072858E-01   
 3.462761E-01    5.077580E-01   
 3.444930E-01    5.082253E-01   
 3.427100E-01    5.086878E-01   
 3.409272E-01    5.091454E-01   
 3.391447E-01    5.095982E-01   
 3.373625E-01    5.100461E-01   
 3.355805E-01    5.104892E-01   
 3.337988E-01    5.109275E-01   
 3.320174E-01    5.113610E-01   
 3.302363E-01    5.117897E-01   
 3.284556E-01    5.122136E-01   
 3.266752E-01    5.126327E-01   
 3.248951E-01    5.130470E-01   
 3.231155E-01    5.134565E-01   
 3.213362E-01    5.138613E-01   
 3.195574E-01    5.142614E-01   
 3.177790E-01    5.146566E-01   
 3.160010E-01    5.150472E-01   
 3.142235E-01    5.154330E-01   
 3.124464E-01    5.158141E-01   
 3.106699E-01    5.161906E-01   
 3.088938E-01    5.165623E-01   
 3.071183E-01    5.169293E-01   
 3.053433E-01    5.172916E-01   
 3.035688E-01    5.176492E-01   
 3.017949E-01    5.180022E-01   
 3.000216E-01    5.183506E-01   
 2.982488E-01    5.186942E-01   
 2.964767E-01    5.190333E-01   
 2.947052E-01    5.193677E-01   
 2.929343E-01    5.196975E-01   
 2.911641E-01    5.200227E-01   
 2.893945E-01    5.203433E-01   
 2.876257E-01    5.206593E-01   
 2.858575E-01    5.209707E-01   
 2.840900E-01    5.212775E-01   
 2.823232E-01    5.215798E-01   
 2.805572E-01    5.218775E-01   
 2.787919E-01    5.221706E-01   
 2.770274E-01    5.224593E-01   
 2.752637E-01    5.227434E-01   
 2.735007E-01    5.230230E-01   
 2.717386E-01    5.232981E-01   
 2.699773E-01    5.235687E-01   
 2.682168E-01    5.238348E-01   
 2.664572E-01    5.240964E-01   
 2.646984E-01    5.243535E-01   
 2.629405E-01    5.246062E-01   
 2.611835E-01    5.248545E-01   
 2.594274E-01    5.250983E-01   
 2.576722E-01    5.253377E-01   
 2.559180E-01    5.255727E-01   
 2.541647E-01    5.258032E-01   
 2.524123E-01    5.260294E-01   
 2.506610E-01    5.262512E-01   
 2.489106E-01    5.264686E-01   
 2.471612E-01    5.266816E-01   
 2.454128E-01    5.268903E-01   
 2.436654E-01    5.270946E-01   
 2.419191E-01    5.272946E-01   
 2.401738E-01    5.274903E-01   
 2.384296E-01    5.276816E-01   
 2.366865E-01    5.278687E-01   
 2.349444E-01    5.280515E-01   
 2.332035E-01    5.282299E-01   
 2.314637E-01    5.284041E-01   
 2.297250E-01    5.285741E-01   
 2.279874E-01    5.287398E-01   
 2.262510E-01    5.289012E-01   
 2.245158E-01    5.290585E-01   
 2.227818E-01    5.292115E-01   
 2.210489E-01    5.293603E-01   
 2.193173E-01    5.295049E-01   
 2.175868E-01    5.296453E-01   
 2.158576E-01    5.297815E-01   
 2.141296E-01    5.299136E-01   
 2.124029E-01    5.300415E-01   
 2.106775E-01    5.301653E-01   
 2.089533E-01    5.302849E-01   
 2.072305E-01    5.304005E-01   
 2.055089E-01    5.305119E-01   
 2.037886E-01    5.306192E-01   
 2.020697E-01    5.307224E-01   
 2.003521E-01    5.308216E-01   
 1.986359E-01    5.309167E-01   
 1.969210E-01    5.310077E-01   
 1.952075E-01    5.310947E-01   
 1.934954E-01    5.311777E-01   
 1.917847E-01    5.312567E-01   
 1.900754E-01    5.313316E-01   
 1.883675E-01    5.314025E-01   
 1.866611E-01    5.314695E-01   
 1.849561E-01    5.315325E-01   
 1.832525E-01    5.315915E-01   
 1.815505E-01    5.316466E-01   
 1.798499E-01    5.316978E-01   
 1.781508E-01    5.317450E-01   
 1.764532E-01    5.317883E-01   
 1.747571E-01    5.318277E-01   
 1.730625E-01    5.318632E-01   
 1.713695E-01    5.318948E-01   
 1.696780E-01    5.319226E-01   
 1.679881E-01    5.319465E-01   
 1.662998E-01    5.319665E-01   
 1.646130E-01    5.319828E-01   
 1.629278E-01    5.319952E-01   
 1.612442E-01    5.320038E-01   
 1.595623E-01    5.320086E-01   
 1.578819E-01    5.320096E-01   
 1.562032E-01    5.320068E-01   
 1.545261E-01    5.320003E-01   
 1.528507E-01    5.319901E-01   
 1.511770E-01    5.319760E-01   
 1.495049E-01    5.319583E-01   
 1.478345E-01    5.319369E-01   
 1.461658E-01    5.319117E-01   
 1.444989E-01    5.318829E-01   
 1.428336E-01    5.318504E-01   
 1.411701E-01    5.318143E-01   
 1.395083E-01    5.317744E-01   
 1.378482E-01    5.317310E-01   
 1.361899E-01    5.316839E-01   
 1.345334E-01    5.316332E-01   
 1.328787E-01    5.315789E-01   
 1.312257E-01    5.315210E-01   
 1.295746E-01    5.314595E-01   
 1.279252E-01    5.313945E-01   
 1.262777E-01    5.313259E-01   
 1.246320E-01    5.312538E-01   
 1.229881E-01    5.311781E-01   
 1.213461E-01    5.310990E-01   
 1.197059E-01    5.310163E-01   
 1.180676E-01    5.309301E-01   
 1.164312E-01    5.308405E-01   
 1.147966E-01    5.307474E-01   
 1.131640E-01    5.306508E-01   
 1.115332E-01    5.305508E-01   
 1.099044E-01    5.304474E-01   
 1.082775E-01    5.303406E-01   
 1.066525E-01    5.302303E-01   
 1.050294E-01    5.301167E-01   
 1.034083E-01    5.299997E-01   
 1.017892E-01    5.298793E-01   
 1.001720E-01    5.297556E-01   
 9.855682E-02    5.296285E-01   
 9.694360E-02    5.294981E-01   
 9.533238E-02    5.293644E-01   
 9.372316E-02    5.292274E-01   
 9.211594E-02    5.290871E-01   
 9.051075E-02    5.289436E-01   
 8.890759E-02    5.287967E-01   
 8.730646E-02    5.286466E-01   
 8.570737E-02    5.284933E-01   
 8.411034E-02    5.283368E-01   
 8.251537E-02    5.281771E-01   
 8.092247E-02    5.280141E-01   
 7.933165E-02    5.278480E-01   
 7.774291E-02    5.276787E-01   
 7.615627E-02    5.275062E-01   
 7.457172E-02    5.273306E-01   
 7.298929E-02    5.271519E-01   
 7.140898E-02    5.269700E-01   
 6.983080E-02    5.267851E-01   
 6.825475E-02    5.265970E-01   
 6.668084E-02    5.264059E-01   
 6.510908E-02    5.262117E-01   
 6.353948E-02    5.260144E-01   
 6.197204E-02    5.258141E-01   
 6.040678E-02    5.256108E-01   
 5.884370E-02    5.254044E-01   
 5.728281E-02    5.251951E-01   
 5.572411E-02    5.249827E-01   
 5.416762E-02    5.247674E-01   
 5.261334E-02    5.245492E-01   
 5.106127E-02    5.243279E-01   
 4.951144E-02    5.241038E-01   
 4.796383E-02    5.238767E-01   
 4.641846E-02    5.236467E-01   
 4.487535E-02    5.234138E-01   
 4.333448E-02    5.231780E-01   
 4.179588E-02    5.229394E-01   
 4.025955E-02    5.226979E-01   
 3.872549E-02    5.224536E-01   
 3.719372E-02    5.222064E-01   
 3.566423E-02    5.219564E-01   
 3.413704E-02    5.217036E-01   
 3.261216E-02    5.214480E-01   
 3.108958E-02    5.211897E-01   
 2.956932E-02    5.209285E-01   
 2.805138E-02    5.206647E-01   
 2.653577E-02    5.203980E-01   
 2.502250E-02    5.201287E-01   
 2.351158E-02    5.198566E-01   
 2.200300E-02    5.195819E-01   
 2.049677E-02    5.193045E-01   
 1.899291E-02    5.190244E-01   
 1.749142E-02    5.187416E-01   
 1.599230E-02    5.184562E-01   
 1.449556E-02    5.181682E-01   
 1.300121E-02    5.178775E-01   
 1.150926E-02    5.175842E-01   
 1.001970E-02    5.172884E-01   
 8.532546E-03    5.169900E-01   
 7.047804E-03    5.166890E-01   
 5.565479E-03    5.163854E-01   
 4.085578E-03    5.160794E-01   
 2.608105E-03    5.157708E-01   
 1.133066E-03    5.154596E-01   
-3.395313E-04    5.151460E-01   
-1.809683E-03    5.148299E-01   
-3.277383E-03    5.145114E-01   
-4.742626E-03    5.141904E-01   
-6.205406E-03    5.138669E-01   
-7.665717E-03    5.135410E-01   
-9.123555E-03    5.132127E-01   
-1.057891E-02    5.128820E-01   
-1.203179E-02    5.125489E-01   
-1.348217E-02    5.122134E-01   
-1.493006E-02    5.118755E-01   
