 1.825840E+00    3.243553E-01   
 1.892974E+00    2.942057E-01   
 1.957852E+00    2.650577E-01   
 2.020524E+00    2.368851E-01   
 2.081042E+00    2.096621E-01   
 2.139454E+00    1.833638E-01   
 2.195809E+00    1.579657E-01   
 2.250155E+00    1.334442E-01   
 2.302537E+00    1.097759E-01   
 2.353002E+00    8.693832E-02   
 2.401593E+00    6.490924E-02   
 2.448354E+00    4.366716E-02   
 2.493328E+00    2.319107E-02   
 2.536556E+00    3.460487E-03   
 2.578078E+00   -1.554459E-02   
 2.617936E+00   -3.384364E-02   
 2.656168E+00   -5.145568E-02   
 2.692811E+00   -6.839923E-02   
 2.727904E+00   -8.469238E-02   
 2.761483E+00   -1.003527E-01   
 2.793584E+00   -1.153975E-01   
 2.824241E+00   -1.298434E-01   
 2.853490E+00   -1.437067E-01   
 2.881362E+00   -1.570035E-01   
 2.907892E+00   -1.697492E-01   
 2.933112E+00   -1.819589E-01   
 2.957051E+00   -1.936474E-01   
 2.979742E+00   -2.048291E-01   
 3.001215E+00   -2.155179E-01   
 3.021498E+00   -2.257276E-01   
 3.040620E+00   -2.354715E-01   
 3.058610E+00   -2.447624E-01   
 3.075494E+00   -2.536132E-01   
 3.091300E+00   -2.620360E-01   
 3.106054E+00   -2.700429E-01   
 3.119782E+00   -2.776457E-01   
 3.132508E+00   -2.848556E-01   
 3.144258E+00   -2.916838E-01   
 3.155055E+00   -2.981412E-01   
 3.164922E+00   -3.042383E-01   
 3.173884E+00   -3.099853E-01   
 3.181961E+00   -3.153923E-01   
 3.189177E+00   -3.204690E-01   
 3.195552E+00   -3.252249E-01   
 3.201107E+00   -3.296693E-01   
 3.205864E+00   -3.338112E-01   
 3.209842E+00   -3.376594E-01   
 3.213060E+00   -3.412224E-01   
 3.215539E+00   -3.445086E-01   
 3.217296E+00   -3.475261E-01   
 3.218350E+00   -3.502827E-01   
 3.218718E+00   -3.527863E-01   
 3.218419E+00   -3.550442E-01   
 3.217470E+00   -3.570638E-01   
 3.215887E+00   -3.588521E-01   
 3.213686E+00   -3.604162E-01   
 3.210884E+00   -3.617627E-01   
 3.207495E+00   -3.628983E-01   
 3.203537E+00   -3.638292E-01   
 3.199022E+00   -3.645618E-01   
 3.193967E+00   -3.651020E-01   
 3.188385E+00   -3.654558E-01   
 3.182290E+00   -3.656289E-01   
 3.175695E+00   -3.656269E-01   
 3.168615E+00   -3.654552E-01   
 3.161061E+00   -3.651192E-01   
 3.153048E+00   -3.646239E-01   
 3.144586E+00   -3.639744E-01   
 3.135689E+00   -3.631756E-01   
 3.126368E+00   -3.622322E-01   
 3.116635E+00   -3.611489E-01   
 3.106501E+00   -3.599300E-01   
 3.095977E+00   -3.585801E-01   
 3.085074E+00   -3.571033E-01   
 3.073802E+00   -3.555038E-01   
 3.062172E+00   -3.537857E-01   
 3.050194E+00   -3.519528E-01   
 3.037878E+00   -3.500089E-01   
 3.025234E+00   -3.479578E-01   
 3.012270E+00   -3.458031E-01   
 2.998996E+00   -3.435482E-01   
 2.985421E+00   -3.411966E-01   
 2.971554E+00   -3.387517E-01   
 2.957404E+00   -3.362165E-01   
 2.942977E+00   -3.335943E-01   
 2.928284E+00   -3.308881E-01   
 2.913332E+00   -3.281009E-01   
 2.898128E+00   -3.252355E-01   
 2.882681E+00   -3.222948E-01   
 2.866997E+00   -3.192814E-01   
 2.851084E+00   -3.161980E-01   
 2.834950E+00   -3.130473E-01   
 2.818600E+00   -3.098316E-01   
 2.802042E+00   -3.065534E-01   
 2.785283E+00   -3.032151E-01   
 2.768328E+00   -2.998190E-01   
 2.751184E+00   -2.963672E-01   
 2.733858E+00   -2.928620E-01   
 2.716356E+00   -2.893055E-01   
 2.698682E+00   -2.856996E-01   
 2.680843E+00   -2.820463E-01   
 2.662845E+00   -2.783477E-01   
 2.644693E+00   -2.746055E-01   
 2.626392E+00   -2.708216E-01   
 2.607948E+00   -2.669977E-01   
 2.589366E+00   -2.631355E-01   
 2.570650E+00   -2.592367E-01   
 2.551806E+00   -2.553029E-01   
 2.532837E+00   -2.513357E-01   
 2.513750E+00   -2.473365E-01   
 2.494548E+00   -2.433069E-01   
 2.475236E+00   -2.392482E-01   
 2.455818E+00   -2.351618E-01   
 2.436298E+00   -2.310491E-01   
 2.416680E+00   -2.269114E-01   
 2.396969E+00   -2.227499E-01   
 2.377168E+00   -2.185659E-01   
 2.357281E+00   -2.143605E-01   
 2.337311E+00   -2.101349E-01   
 2.317263E+00   -2.058901E-01   
 2.297140E+00   -2.016273E-01   
 2.276946E+00   -1.973475E-01   
 2.256683E+00   -1.930517E-01   
 2.236355E+00   -1.887409E-01   
 2.215965E+00   -1.844160E-01   
 2.195517E+00   -1.800779E-01   
 2.175013E+00   -1.757276E-01   
 2.154457E+00   -1.713658E-01   
 2.133850E+00   -1.669934E-01   
 2.113197E+00   -1.626112E-01   
 2.092500E+00   -1.582200E-01   
 2.071761E+00   -1.538205E-01   
 2.050983E+00   -1.494135E-01   
 2.030169E+00   -1.449996E-01   
 2.009321E+00   -1.405794E-01   
 1.988442E+00   -1.361538E-01   
 1.967534E+00   -1.317232E-01   
 1.946599E+00   -1.272883E-01   
 1.925640E+00   -1.228497E-01   
 1.904659E+00   -1.184080E-01   
 1.883657E+00   -1.139636E-01   
 1.862638E+00   -1.095171E-01   
 1.841603E+00   -1.050690E-01   
 1.820553E+00   -1.006198E-01   
 1.799492E+00   -9.617000E-02   
 1.778420E+00   -9.171999E-02   
 1.757340E+00   -8.727021E-02   
 1.736254E+00   -8.282110E-02   
 1.715162E+00   -7.837305E-02   
 1.694068E+00   -7.392644E-02   
 1.672972E+00   -6.948164E-02   
 1.651876E+00   -6.503900E-02   
 1.630782E+00   -6.059887E-02   
 1.609691E+00   -5.616157E-02   
 1.588605E+00   -5.172741E-02   
 1.567525E+00   -4.729670E-02   
 1.546453E+00   -4.286971E-02   
 1.525389E+00   -3.844672E-02   
 1.504336E+00   -3.402799E-02   
 1.483294E+00   -2.961377E-02   
 1.462265E+00   -2.520430E-02   
 1.441251E+00   -2.079981E-02   
 1.420251E+00   -1.640051E-02   
 1.399268E+00   -1.200660E-02   
 1.378302E+00   -7.618287E-03   
 1.357355E+00   -3.235750E-03   
 1.336427E+00    1.140833E-03   
 1.315520E+00    5.511295E-03   
 1.294635E+00    9.875480E-03   
 1.273773E+00    1.423324E-02   
 1.252934E+00    1.858443E-02   
 1.232120E+00    2.292892E-02   
 1.211331E+00    2.726659E-02   
 1.190569E+00    3.159731E-02   
 1.169834E+00    3.592099E-02   
 1.149127E+00    4.023752E-02   
 1.128448E+00    4.454680E-02   
 1.107799E+00    4.884874E-02   
 1.087181E+00    5.314327E-02   
 1.066594E+00    5.743031E-02   
 1.046038E+00    6.170979E-02   
 1.025515E+00    6.598164E-02   
 1.005025E+00    7.024582E-02   
 9.845684E-01    7.450226E-02   
 9.641465E-01    7.875093E-02   
 9.437596E-01    8.299177E-02   
 9.234082E-01    8.722476E-02   
 9.030930E-01    9.144987E-02   
 8.828145E-01    9.566706E-02   
 8.625733E-01    9.987632E-02   
 8.423697E-01    1.040776E-01   
 8.222044E-01    1.082710E-01   
 8.020779E-01    1.124563E-01   
 7.819905E-01    1.166337E-01   
 7.619428E-01    1.208031E-01   
 7.419352E-01    1.249645E-01   
 7.219681E-01    1.291180E-01   
 7.020418E-01    1.332635E-01   
 6.821569E-01    1.374010E-01   
 6.623137E-01    1.415306E-01   
 6.425125E-01    1.456523E-01   
 6.227537E-01    1.497660E-01   
 6.030376E-01    1.538719E-01   
 5.833646E-01    1.579700E-01   
 5.637350E-01    1.620602E-01   
 5.441491E-01    1.661427E-01   
 5.246071E-01    1.702173E-01   
 5.051094E-01    1.742843E-01   
 4.856562E-01    1.783436E-01   
 4.662477E-01    1.823953E-01   
 4.468843E-01    1.864393E-01   
 4.275662E-01    1.904758E-01   
 4.082936E-01    1.945048E-01   
 3.890667E-01    1.985264E-01   
 3.698857E-01    2.025405E-01   
 3.507508E-01    2.065473E-01   
 3.316622E-01    2.105467E-01   
 3.126201E-01    2.145389E-01   
 2.936247E-01    2.185239E-01   
 2.746761E-01    2.225018E-01   
 2.557745E-01    2.264725E-01   
 2.369200E-01    2.304362E-01   
 2.181128E-01    2.343930E-01   
 1.993531E-01    2.383428E-01   
 1.806408E-01    2.422858E-01   
 1.619763E-01    2.462220E-01   
 1.433595E-01    2.501515E-01   
 1.247905E-01    2.540743E-01   
 1.062696E-01    2.579905E-01   
 8.779671E-02    2.619001E-01   
 6.937200E-02    2.658033E-01   
 5.099553E-02    2.697001E-01   
 3.266738E-02    2.735905E-01   
 1.438761E-02    2.774746E-01   
-3.843702E-03    2.813525E-01   
-2.202651E-02    2.852242E-01   
-4.016075E-02    2.890899E-01   
-5.824637E-02    2.929496E-01   
-7.628334E-02    2.968032E-01   
-9.427162E-02    3.006510E-01   
-1.122112E-01    3.044930E-01   
-1.301019E-01    3.083292E-01   
-1.479439E-01    3.121598E-01   
-1.657371E-01    3.159847E-01   
-1.834815E-01    3.198040E-01   
-2.011770E-01    3.236178E-01   
-2.188237E-01    3.274262E-01   
-2.364215E-01    3.312293E-01   
-2.539705E-01    3.350270E-01   
-2.714706E-01    3.388195E-01   
-2.889219E-01    3.426068E-01   
-3.063243E-01    3.463890E-01   
-3.236779E-01    3.501662E-01   
-3.409827E-01    3.539384E-01   
-3.582387E-01    3.577056E-01   
-3.754459E-01    3.614680E-01   
-3.926044E-01    3.652256E-01   
-4.097141E-01    3.689784E-01   
-4.267751E-01    3.727266E-01   
-4.437875E-01    3.764701E-01   
-4.607513E-01    3.802091E-01   
-4.776664E-01    3.839435E-01   
-4.945330E-01    3.876735E-01   
-5.113511E-01    3.913991E-01   
-5.281207E-01    3.951203E-01   
-5.448419E-01    3.988373E-01   
-5.615147E-01    4.025500E-01   
-5.781392E-01    4.062585E-01   
-5.947154E-01    4.099629E-01   
-6.112434E-01    4.136633E-01   
-6.277232E-01    4.173596E-01   
-6.441549E-01    4.210519E-01   
-6.605385E-01    4.247403E-01   
-6.768741E-01    4.284248E-01   
-6.931618E-01    4.321054E-01   
-7.094017E-01    4.357823E-01   
-7.255937E-01    4.394554E-01   
-7.417380E-01    4.431248E-01   
-7.578346E-01    4.467905E-01   
-7.738835E-01    4.504527E-01   
-7.898850E-01    4.541112E-01   
-8.058390E-01    4.577662E-01   
-8.217455E-01    4.614177E-01   
-8.376048E-01    4.650657E-01   
-8.534167E-01    4.687103E-01   
-8.691816E-01    4.723515E-01   
-8.848992E-01    4.759893E-01   
-9.005699E-01    4.796238E-01   
-9.161936E-01    4.832550E-01   
-9.317704E-01    4.868829E-01   
-9.473005E-01    4.905076E-01   
-9.627838E-01    4.941291E-01   
-9.782204E-01    4.977474E-01   
-9.936105E-01    5.013625E-01   
-1.008954E+00    5.049745E-01   
-1.024251E+00    5.085834E-01   
-1.039502E+00    5.121892E-01   
-1.054707E+00    5.157919E-01   
-1.069865E+00    5.193916E-01   
-1.084978E+00    5.229883E-01   
-1.100044E+00    5.265819E-01   
-1.115065E+00    5.301726E-01   
-1.130039E+00    5.337602E-01   
-1.144968E+00    5.373449E-01   
-1.159851E+00    5.409267E-01   
-1.174689E+00    5.445055E-01   
-1.189481E+00    5.480813E-01   
-1.204228E+00    5.516543E-01   
-1.218930E+00    5.552243E-01   
-1.233586E+00    5.587914E-01   
-1.248197E+00    5.623556E-01   
-1.262763E+00    5.659169E-01   
-1.277284E+00    5.694753E-01   
-1.291760E+00    5.730308E-01   
-1.306191E+00    5.765834E-01   
-1.320578E+00    5.801331E-01   
-1.334920E+00    5.836798E-01   
-1.349217E+00    5.872237E-01   
-1.363470E+00    5.907647E-01   
-1.377678E+00    5.943027E-01   
-1.391842E+00    5.978378E-01   
-1.405962E+00    6.013699E-01   
-1.420038E+00    6.048991E-01   
-1.434070E+00    6.084253E-01   
-1.448058E+00    6.119486E-01   
-1.462001E+00    6.154689E-01   
-1.475901E+00    6.189861E-01   
-1.489758E+00    6.225003E-01   
-1.503571E+00    6.260115E-01   
-1.517340E+00    6.295196E-01   
-1.531065E+00    6.330246E-01   
-1.544748E+00    6.365265E-01   
-1.558387E+00    6.400253E-01   
-1.571982E+00    6.435209E-01   
-1.585535E+00    6.470134E-01   
-1.599044E+00    6.505026E-01   
-1.612511E+00    6.539886E-01   
-1.625935E+00    6.574713E-01   
-1.639315E+00    6.609507E-01   
-1.652653E+00    6.644267E-01   
-1.665949E+00    6.678994E-01   
-1.679202E+00    6.713687E-01   
-1.692412E+00    6.748345E-01   
-1.705580E+00    6.782968E-01   
-1.718705E+00    6.817557E-01   
-1.731788E+00    6.852109E-01   
-1.744829E+00    6.886625E-01   
-1.757828E+00    6.921105E-01   
-1.770785E+00    6.955548E-01   
-1.783700E+00    6.989954E-01   
-1.796573E+00    7.024321E-01   
-1.809404E+00    7.058650E-01   
-1.822194E+00    7.092941E-01   
-1.834941E+00    7.127192E-01   
-1.847648E+00    7.161402E-01   
-1.860312E+00    7.195573E-01   
-1.872935E+00    7.229702E-01   
-1.885517E+00    7.263790E-01   
-1.898058E+00    7.297836E-01   
-1.910557E+00    7.331839E-01   
-1.923015E+00    7.365798E-01   
-1.935432E+00    7.399714E-01   
-1.947808E+00    7.433585E-01   
-1.960143E+00    7.467410E-01   
-1.972438E+00    7.501190E-01   
-1.984691E+00    7.534923E-01   
-1.996904E+00    7.568610E-01   
-2.009076E+00    7.602248E-01   
-2.021207E+00    7.635837E-01   
-2.033298E+00    7.669377E-01   
-2.045348E+00    7.702867E-01   
-2.057358E+00    7.736307E-01   
-2.069328E+00    7.769694E-01   
-2.081258E+00    7.803030E-01   
-2.093147E+00    7.836312E-01   
-2.104996E+00    7.869540E-01   
-2.116805E+00    7.902714E-01   
-2.128574E+00    7.935833E-01   
-2.140303E+00    7.968895E-01   
-2.151992E+00    8.001900E-01   
-2.163641E+00    8.034846E-01   
-2.175251E+00    8.067735E-01   
-2.186821E+00    8.100563E-01   
-2.198351E+00    8.133331E-01   
-2.209842E+00    8.166037E-01   
-2.221293E+00    8.198681E-01   
-2.232705E+00    8.231262E-01   
-2.244077E+00    8.263779E-01   
-2.255410E+00    8.296230E-01   
-2.266704E+00    8.328616E-01   
-2.277959E+00    8.360934E-01   
-2.289174E+00    8.393185E-01   
-2.300350E+00    8.425366E-01   
-2.311488E+00    8.457478E-01   
-2.322586E+00    8.489518E-01   
-2.333645E+00    8.521487E-01   
-2.344666E+00    8.553383E-01   
-2.355648E+00    8.585204E-01   
-2.366591E+00    8.616951E-01   
-2.377495E+00    8.648621E-01   
-2.388361E+00    8.680215E-01   
-2.399188E+00    8.711730E-01   
-2.409977E+00    8.743166E-01   
-2.420727E+00    8.774521E-01   
-2.431438E+00    8.805795E-01   
-2.442112E+00    8.836987E-01   
-2.452747E+00    8.868095E-01   
-2.463344E+00    8.899118E-01   
-2.473902E+00    8.930054E-01   
-2.484423E+00    8.960904E-01   
-2.494905E+00    8.991666E-01   
-2.505350E+00    9.022338E-01   
-2.515756E+00    9.052919E-01   
-2.526124E+00    9.083409E-01   
-2.536455E+00    9.113806E-01   
-2.546748E+00    9.144108E-01   
-2.557003E+00    9.174315E-01   
-2.567220E+00    9.204426E-01   
-2.577400E+00    9.234438E-01   
-2.587542E+00    9.264352E-01   
-2.597646E+00    9.294165E-01   
-2.607713E+00    9.323877E-01   
-2.617742E+00    9.353486E-01   
-2.627734E+00    9.382990E-01   
-2.637689E+00    9.412390E-01   
-2.647606E+00    9.441682E-01   
-2.657486E+00    9.470867E-01   
-2.667329E+00    9.499943E-01   
-2.677134E+00    9.528907E-01   
-2.686903E+00    9.557760E-01   
-2.696634E+00    9.586500E-01   
-2.706329E+00    9.615126E-01   
-2.715986E+00    9.643635E-01   
-2.725607E+00    9.672027E-01   
-2.735190E+00    9.700301E-01   
-2.744737E+00    9.728455E-01   
-2.754247E+00    9.756487E-01   
-2.763720E+00    9.784397E-01   
-2.773157E+00    9.812183E-01   
-2.782557E+00    9.839844E-01   
-2.791920E+00    9.867377E-01   
-2.801247E+00    9.894783E-01   
-2.810537E+00    9.922059E-01   
-2.819791E+00    9.949204E-01   
-2.829009E+00    9.976217E-01   
-2.838190E+00    1.000310E+00   
-2.847334E+00    1.002984E+00   
-2.856443E+00    1.005645E+00   
-2.865515E+00    1.008291E+00   
-2.874552E+00    1.010924E+00   
-2.883552E+00    1.013543E+00   
-2.892516E+00    1.016148E+00   
-2.901444E+00    1.018738E+00   
-2.910336E+00    1.021314E+00   
-2.919192E+00    1.023875E+00   
-2.928013E+00    1.026421E+00   
-2.936797E+00    1.028952E+00   
-2.945546E+00    1.031468E+00   
-2.954259E+00    1.033969E+00   
-2.962936E+00    1.036454E+00   
-2.971578E+00    1.038924E+00   
-2.980184E+00    1.041378E+00   
-2.988755E+00    1.043816E+00   
-2.997290E+00    1.046239E+00   
-3.005789E+00    1.048645E+00   
-3.014254E+00    1.051035E+00   
-3.022683E+00    1.053408E+00   
-3.031077E+00    1.055764E+00   
-3.039435E+00    1.058104E+00   
-3.047758E+00    1.060427E+00   
-3.056047E+00    1.062733E+00   
-3.064300E+00    1.065022E+00   
-3.072518E+00    1.067293E+00   
-3.080701E+00    1.069547E+00   
-3.088849E+00    1.071783E+00   
-3.096963E+00    1.074002E+00   
-3.105041E+00    1.076202E+00   
-3.113085E+00    1.078384E+00   
-3.121094E+00    1.080548E+00   
-3.129068E+00    1.082693E+00   
-3.137008E+00    1.084820E+00   
-3.144913E+00    1.086928E+00   
-3.152784E+00    1.089018E+00   
-3.160620E+00    1.091088E+00   
-3.168422E+00    1.093139E+00   
-3.176190E+00    1.095170E+00   
-3.183923E+00    1.097182E+00   
-3.191622E+00    1.099175E+00   
-3.199287E+00    1.101147E+00   
-3.206918E+00    1.103100E+00   
-3.214514E+00    1.105032E+00   
-3.222077E+00    1.106945E+00   
-3.229605E+00    1.108836E+00   
-3.237100E+00    1.110707E+00   
-3.244561E+00    1.112558E+00   
-3.251988E+00    1.114387E+00   
-3.259382E+00    1.116196E+00   
-3.266741E+00    1.117983E+00   
-3.274067E+00    1.119749E+00   
-3.281360E+00    1.121494E+00   
-3.288619E+00    1.123216E+00   
-3.295844E+00    1.124917E+00   
-3.303037E+00    1.126596E+00   
-3.310196E+00    1.128253E+00   
-3.317321E+00    1.129888E+00   
-3.324414E+00    1.131500E+00   
-3.331473E+00    1.133090E+00   
-3.338499E+00    1.134657E+00   
-3.345492E+00    1.136201E+00   
-3.352453E+00    1.137722E+00   
-3.359380E+00    1.139219E+00   
-3.366275E+00    1.140694E+00   
-3.373137E+00    1.142145E+00   
-3.379966E+00    1.143573E+00   
-3.386762E+00    1.144976E+00   
-3.393526E+00    1.146356E+00   
-3.400258E+00    1.147712E+00   
-3.406957E+00    1.149044E+00   
-3.413623E+00    1.150351E+00   
-3.420258E+00    1.151633E+00   
-3.426860E+00    1.152892E+00   
-3.433430E+00    1.154125E+00   
-3.439968E+00    1.155333E+00   
-3.446473E+00    1.156517E+00   
-3.452947E+00    1.157675E+00   
-3.459389E+00    1.158807E+00   
-3.465800E+00    1.159915E+00   
-3.472178E+00    1.160996E+00   
-3.478525E+00    1.162052E+00   
-3.484840E+00    1.163082E+00   
-3.491124E+00    1.164086E+00   
-3.497376E+00    1.165063E+00   
-3.503597E+00    1.166015E+00   
-3.509787E+00    1.166940E+00   
-3.515945E+00    1.167838E+00   
-3.522072E+00    1.168709E+00   
-3.528168E+00    1.169554E+00   
-3.534234E+00    1.170372E+00   
-3.540268E+00    1.171162E+00   
-3.546271E+00    1.171925E+00   
-3.552244E+00    1.172661E+00   
-3.558186E+00    1.173369E+00   
-3.564097E+00    1.174050E+00   
-3.569978E+00    1.174702E+00   
-3.575829E+00    1.175327E+00   
-3.581649E+00    1.175924E+00   
-3.587439E+00    1.176492E+00   
-3.593199E+00    1.177032E+00   
-3.598928E+00    1.177544E+00   
-3.604628E+00    1.178027E+00   
-3.610297E+00    1.178482E+00   
-3.615937E+00    1.178907E+00   
-3.621547E+00    1.179304E+00   
-3.627127E+00    1.179672E+00   
-3.632678E+00    1.180010E+00   
-3.638200E+00    1.180319E+00   
-3.643691E+00    1.180599E+00   
-3.649154E+00    1.180849E+00   
-3.654587E+00    1.181070E+00   
-3.659991E+00    1.181261E+00   
-3.665367E+00    1.181422E+00   
-3.670713E+00    1.181553E+00   
-3.676030E+00    1.181654E+00   
-3.681319E+00    1.181724E+00   
-3.686578E+00    1.181765E+00   
-3.691810E+00    1.181774E+00   
-3.697012E+00    1.181754E+00   
-3.702187E+00    1.181703E+00   
-3.707333E+00    1.181621E+00   
-3.712451E+00    1.181508E+00   
-3.717541E+00    1.181364E+00   
-3.722602E+00    1.181189E+00   
-3.727636E+00    1.180983E+00   
-3.732642E+00    1.180746E+00   
-3.737621E+00    1.180477E+00   
-3.742572E+00    1.180177E+00   
-3.747495E+00    1.179845E+00   
-3.752391E+00    1.179482E+00   
-3.757259E+00    1.179087E+00   
-3.762101E+00    1.178660E+00   
-3.766915E+00    1.178201E+00   
-3.771702E+00    1.177710E+00   
-3.776463E+00    1.177188E+00   
-3.781196E+00    1.176633E+00   
-3.785903E+00    1.176045E+00   
-3.790584E+00    1.175426E+00   
-3.795238E+00    1.174774E+00   
-3.799865E+00    1.174089E+00   
-3.804467E+00    1.173372E+00   
-3.809042E+00    1.172622E+00   
-3.813591E+00    1.171839E+00   
-3.818114E+00    1.171024E+00   
-3.822612E+00    1.170176E+00   
-3.827084E+00    1.169295E+00   
-3.831530E+00    1.168380E+00   
-3.835951E+00    1.167433E+00   
-3.840346E+00    1.166452E+00   
-3.844716E+00    1.165439E+00   
-3.849062E+00    1.164391E+00   
-3.853382E+00    1.163311E+00   
-3.857677E+00    1.162197E+00   
-3.861947E+00    1.161050E+00   
-3.866193E+00    1.159869E+00   
-3.870414E+00    1.158654E+00   
-3.874611E+00    1.157406E+00   
-3.878784E+00    1.156124E+00   
-3.882932E+00    1.154808E+00   
-3.887057E+00    1.153459E+00   
-3.891157E+00    1.152076E+00   
-3.895234E+00    1.150658E+00   
-3.899286E+00    1.149207E+00   
-3.903316E+00    1.147722E+00   
-3.907322E+00    1.146202E+00   
-3.911304E+00    1.144649E+00   
-3.915264E+00    1.143061E+00   
-3.919200E+00    1.141439E+00   
-3.923113E+00    1.139783E+00   
-3.927004E+00    1.138093E+00   
-3.930872E+00    1.136368E+00   
-3.934717E+00    1.134609E+00   
-3.938540E+00    1.132816E+00   
-3.942340E+00    1.130989E+00   
-3.946119E+00    1.129126E+00   
-3.949875E+00    1.127230E+00   
-3.953609E+00    1.125299E+00   
-3.957322E+00    1.123333E+00   
-3.961013E+00    1.121333E+00   
-3.964682E+00    1.119299E+00   
-3.968330E+00    1.117230E+00   
-3.971956E+00    1.115126E+00   
-3.975562E+00    1.112988E+00   
-3.979146E+00    1.110815E+00   
-3.982710E+00    1.108608E+00   
-3.986253E+00    1.106366E+00   
-3.989775E+00    1.104089E+00   
-3.993277E+00    1.101778E+00   
-3.996758E+00    1.099432E+00   
-4.000220E+00    1.097051E+00   
-4.003661E+00    1.094636E+00   
-4.007082E+00    1.092186E+00   
-4.010484E+00    1.089702E+00   
-4.013865E+00    1.087183E+00   
-4.017228E+00    1.084629E+00   
-4.020570E+00    1.082040E+00   
-4.023894E+00    1.079417E+00   
-4.027199E+00    1.076760E+00   
-4.030484E+00    1.074067E+00   
-4.033751E+00    1.071341E+00   
-4.036999E+00    1.068579E+00   
-4.040228E+00    1.065783E+00   
-4.043439E+00    1.062953E+00   
-4.046632E+00    1.060088E+00   
-4.049807E+00    1.057188E+00   
-4.052964E+00    1.054254E+00   
-4.056102E+00    1.051286E+00   
-4.059223E+00    1.048283E+00   
-4.062327E+00    1.045246E+00   
-4.065413E+00    1.042174E+00   
-4.068482E+00    1.039068E+00   
-4.071534E+00    1.035928E+00   
-4.074568E+00    1.032753E+00   
-4.077586E+00    1.029545E+00   
-4.080587E+00    1.026302E+00   
-4.083572E+00    1.023025E+00   
-4.086540E+00    1.019713E+00   
-4.089492E+00    1.016368E+00   
-4.092428E+00    1.012989E+00   
-4.095347E+00    1.009576E+00   
-4.098251E+00    1.006128E+00   
-4.101139E+00    1.002647E+00   
-4.104012E+00    9.991324E-01   
-4.106869E+00    9.955837E-01   
-4.109711E+00    9.920012E-01   
-4.112538E+00    9.883851E-01   
-4.115350E+00    9.847354E-01   
-4.118147E+00    9.810522E-01   
-4.120929E+00    9.773354E-01   
-4.123697E+00    9.735852E-01   
-4.126451E+00    9.698017E-01   
-4.129190E+00    9.659848E-01   
-4.131915E+00    9.621348E-01   
-4.134626E+00    9.582515E-01   
-4.137324E+00    9.543351E-01   
-4.140007E+00    9.503858E-01   
-4.142677E+00    9.464034E-01   
-4.145334E+00    9.423882E-01   
-4.147978E+00    9.383402E-01   
-4.150608E+00    9.342595E-01   
-4.153226E+00    9.301461E-01   
-4.155831E+00    9.260002E-01   
-4.158423E+00    9.218217E-01   
-4.161003E+00    9.176109E-01   
-4.163570E+00    9.133677E-01   
-4.166125E+00    9.090924E-01   
-4.168669E+00    9.047848E-01   
-4.171200E+00    9.004453E-01   
-4.173719E+00    8.960737E-01   
-4.176227E+00    8.916703E-01   
-4.178724E+00    8.872352E-01   
-4.181209E+00    8.827683E-01   
-4.183683E+00    8.782699E-01   
-4.186146E+00    8.737399E-01   
-4.188598E+00    8.691786E-01   
-4.191039E+00    8.645860E-01   
-4.193470E+00    8.599622E-01   
-4.195891E+00    8.553074E-01   
-4.198301E+00    8.506215E-01   
-4.200701E+00    8.459048E-01   
-4.203091E+00    8.411573E-01   
-4.205471E+00    8.363792E-01   
-4.207841E+00    8.315705E-01   
-4.210202E+00    8.267314E-01   
-4.212554E+00    8.218620E-01   
-4.214896E+00    8.169624E-01   
-4.217229E+00    8.120326E-01   
-4.219553E+00    8.070729E-01   
-4.221868E+00    8.020834E-01   
-4.224175E+00    7.970641E-01   
-4.226473E+00    7.920152E-01   
-4.228762E+00    7.869368E-01   
-4.231043E+00    7.818290E-01   
-4.233317E+00    7.766919E-01   
-4.235582E+00    7.715258E-01   
-4.237839E+00    7.663306E-01   
-4.240089E+00    7.611066E-01   
-4.242331E+00    7.558538E-01   
-4.244566E+00    7.505725E-01   
-4.246793E+00    7.452626E-01   
-4.249014E+00    7.399244E-01   
-4.251227E+00    7.345579E-01   
-4.253434E+00    7.291634E-01   
-4.255633E+00    7.237409E-01   
-4.257827E+00    7.182907E-01   
-4.260013E+00    7.128127E-01   
-4.262194E+00    7.073072E-01   
-4.264368E+00    7.017743E-01   
-4.266537E+00    6.962142E-01   
-4.268699E+00    6.906269E-01   
-4.270856E+00    6.850127E-01   
-4.273007E+00    6.793716E-01   
-4.275153E+00    6.737039E-01   
-4.277293E+00    6.680096E-01   
-4.279428E+00    6.622889E-01   
-4.281558E+00    6.565420E-01   
-4.283683E+00    6.507689E-01   
-4.285804E+00    6.449700E-01   
-4.287920E+00    6.391452E-01   
-4.290031E+00    6.332948E-01   
-4.292138E+00    6.274188E-01   
-4.294240E+00    6.215175E-01   
-4.296339E+00    6.155911E-01   
-4.298433E+00    6.096396E-01   
-4.300524E+00    6.036632E-01   
-4.302611E+00    5.976621E-01   
-4.304694E+00    5.916364E-01   
-4.306774E+00    5.855863E-01   
-4.308850E+00    5.795119E-01   
-4.310923E+00    5.734135E-01   
-4.312994E+00    5.672911E-01   
-4.315061E+00    5.611449E-01   
-4.317125E+00    5.549751E-01   
-4.319187E+00    5.487819E-01   
-4.321246E+00    5.425653E-01   
-4.323303E+00    5.363256E-01   
-4.325357E+00    5.300630E-01   
-4.327409E+00    5.237776E-01   
-4.329459E+00    5.174695E-01   
-4.331507E+00    5.111389E-01   
-4.333553E+00    5.047861E-01   
-4.335598E+00    4.984111E-01   
-4.337641E+00    4.920141E-01   
-4.339682E+00    4.855953E-01   
-4.341722E+00    4.791549E-01   
-4.343761E+00    4.726930E-01   
-4.345799E+00    4.662099E-01   
-4.347836E+00    4.597055E-01   
-4.349872E+00    4.531803E-01   
-4.351907E+00    4.466342E-01   
-4.353941E+00    4.400675E-01   
-4.355975E+00    4.334804E-01   
-4.358009E+00    4.268730E-01   
-4.360042E+00    4.202455E-01   
-4.362075E+00    4.135981E-01   
-4.364108E+00    4.069309E-01   
-4.366141E+00    4.002441E-01   
-4.368174E+00    3.935380E-01   
-4.370207E+00    3.868125E-01   
-4.372241E+00    3.800681E-01   
-4.374275E+00    3.733047E-01   
-4.376310E+00    3.665227E-01   
-4.378346E+00    3.597221E-01   
-4.380382E+00    3.529031E-01   
-4.382419E+00    3.460660E-01   
-4.384457E+00    3.392108E-01   
-4.386497E+00    3.323378E-01   
-4.388537E+00    3.254472E-01   
-4.390579E+00    3.185391E-01   
-4.392623E+00    3.116137E-01   
-4.394667E+00    3.046712E-01   
-4.396714E+00    2.977117E-01   
-4.398762E+00    2.907355E-01   
-4.400812E+00    2.837426E-01   
-4.402864E+00    2.767334E-01   
-4.404918E+00    2.697079E-01   
-4.406974E+00    2.626664E-01   
-4.409033E+00    2.556090E-01   
-4.411093E+00    2.485359E-01   
-4.413156E+00    2.414473E-01   
-4.415222E+00    2.343434E-01   
-4.417290E+00    2.272243E-01   
-4.419361E+00    2.200902E-01   
-4.421435E+00    2.129413E-01   
-4.423511E+00    2.057777E-01   
-4.425591E+00    1.985997E-01   
-4.427674E+00    1.914075E-01   
-4.429759E+00    1.842012E-01   
-4.431848E+00    1.769809E-01   
-4.433941E+00    1.697469E-01   
-4.436037E+00    1.624994E-01   
-4.438136E+00    1.552385E-01   
-4.440239E+00    1.479643E-01   
-4.442345E+00    1.406772E-01   
-4.444455E+00    1.333772E-01   
-4.446569E+00    1.260646E-01   
-4.448687E+00    1.187394E-01   
-4.450809E+00    1.114020E-01   
-4.452936E+00    1.040524E-01   
-4.455066E+00    9.669090E-02   
-4.457200E+00    8.931760E-02   
-4.459339E+00    8.193269E-02   
-4.461482E+00    7.453636E-02   
-4.463630E+00    6.712878E-02   
-4.465782E+00    5.971013E-02   
-4.467939E+00    5.228058E-02   
-4.470100E+00    4.484032E-02   
-4.472267E+00    3.738951E-02   
-4.474438E+00    2.992833E-02   
-4.476614E+00    2.245696E-02   
-4.478795E+00    1.497557E-02   
-4.480981E+00    7.484341E-03   
-4.483172E+00   -1.656181E-05   
-4.485368E+00   -7.526961E-03   
-4.487570E+00   -1.504668E-02   
-4.489777E+00   -2.257555E-02   
-4.491989E+00   -3.011340E-02   
-4.494207E+00   -3.766005E-02   
-4.496430E+00   -4.521534E-02   
-4.498659E+00   -5.277908E-02   
-4.500894E+00   -6.035112E-02   
-4.503134E+00   -6.793127E-02   
-4.505380E+00   -7.551937E-02   
-4.507632E+00   -8.311524E-02   
-4.509889E+00   -9.071873E-02   
-4.512153E+00   -9.832965E-02   
-4.514423E+00   -1.059478E-01   
-4.516698E+00   -1.135731E-01   
-4.518980E+00   -1.212053E-01   
-4.521268E+00   -1.288443E-01   
-4.523562E+00   -1.364899E-01   
-4.525863E+00   -1.441419E-01   
-4.528169E+00   -1.518002E-01   
-4.530483E+00   -1.594646E-01   
-4.532802E+00   -1.671349E-01   
-4.535128E+00   -1.748110E-01   
-4.537461E+00   -1.824927E-01   
-4.539800E+00   -1.901798E-01   
-4.542146E+00   -1.978722E-01   
-4.544498E+00   -2.055698E-01   
-4.546857E+00   -2.132722E-01   
-4.549223E+00   -2.209795E-01   
-4.551596E+00   -2.286914E-01   
-4.553976E+00   -2.364078E-01   
-4.556362E+00   -2.441285E-01   
-4.558756E+00   -2.518533E-01   
-4.561156E+00   -2.595822E-01   
-4.563563E+00   -2.673148E-01   
-4.565978E+00   -2.750512E-01   
-4.568399E+00   -2.827910E-01   
-4.570828E+00   -2.905343E-01   
-4.573264E+00   -2.982807E-01   
-4.575707E+00   -3.060302E-01   
-4.578158E+00   -3.137826E-01   
-4.580615E+00   -3.215377E-01   
-4.583080E+00   -3.292955E-01   
-4.585552E+00   -3.370557E-01   
-4.588032E+00   -3.448181E-01   
-4.590519E+00   -3.525827E-01   
-4.593014E+00   -3.603493E-01   
-4.595516E+00   -3.681177E-01   
-4.598025E+00   -3.758879E-01   
-4.600542E+00   -3.836595E-01   
-4.603067E+00   -3.914326E-01   
-4.605599E+00   -3.992069E-01   
-4.608139E+00   -4.069822E-01   
-4.610687E+00   -4.147586E-01   
-4.613242E+00   -4.225357E-01   
-4.615805E+00   -4.303135E-01   
-4.618375E+00   -4.380919E-01   
-4.620953E+00   -4.458706E-01   
-4.623539E+00   -4.536495E-01   
-4.626133E+00   -4.614285E-01   
-4.628735E+00   -4.692075E-01   
-4.631344E+00   -4.769863E-01   
-4.633962E+00   -4.847648E-01   
-4.636587E+00   -4.925428E-01   
-4.639220E+00   -5.003202E-01   
-4.641861E+00   -5.080968E-01   
-4.644510E+00   -5.158726E-01   
-4.647166E+00   -5.236474E-01   
-4.649831E+00   -5.314210E-01   
-4.652504E+00   -5.391933E-01   
-4.655184E+00   -5.469642E-01   
-4.657873E+00   -5.547336E-01   
-4.660570E+00   -5.625013E-01   
-4.663274E+00   -5.702671E-01   
-4.665987E+00   -5.780311E-01   
-4.668708E+00   -5.857929E-01   
-4.671436E+00   -5.935526E-01   
-4.674173E+00   -6.013099E-01   
-4.676918E+00   -6.090648E-01   
-4.679671E+00   -6.168171E-01   
-4.682432E+00   -6.245666E-01   
-4.685201E+00   -6.323134E-01   
-4.687978E+00   -6.400572E-01   
-4.690763E+00   -6.477979E-01   
-4.693556E+00   -6.555354E-01   
-4.696358E+00   -6.632695E-01   
-4.699167E+00   -6.710003E-01   
-4.701985E+00   -6.787274E-01   
-4.704810E+00   -6.864509E-01   
-4.707644E+00   -6.941706E-01   
-4.710486E+00   -7.018863E-01   
-4.713336E+00   -7.095980E-01   
-4.716194E+00   -7.173055E-01   
-4.719060E+00   -7.250088E-01   
-4.721935E+00   -7.327077E-01   
-4.724817E+00   -7.404021E-01   
-4.727707E+00   -7.480918E-01   
-4.730606E+00   -7.557769E-01   
-4.733513E+00   -7.634571E-01   
-4.736427E+00   -7.711323E-01   
-4.739350E+00   -7.788025E-01   
-4.742281E+00   -7.864675E-01   
-4.745220E+00   -7.941273E-01   
-4.748167E+00   -8.017816E-01   
-4.751122E+00   -8.094305E-01   
-4.754085E+00   -8.170737E-01   
-4.757056E+00   -8.247113E-01   
-4.760035E+00   -8.323431E-01   
-4.763022E+00   -8.399689E-01   
-4.766017E+00   -8.475887E-01   
-4.769020E+00   -8.552024E-01   
-4.772031E+00   -8.628099E-01   
-4.775049E+00   -8.704111E-01   
-4.778076E+00   -8.780059E-01   
-4.781111E+00   -8.855941E-01   
-4.784154E+00   -8.931757E-01   
-4.787204E+00   -9.007506E-01   
-4.790263E+00   -9.083187E-01   
-4.793329E+00   -9.158800E-01   
-4.796403E+00   -9.234342E-01   
-4.799485E+00   -9.309813E-01   
-4.802575E+00   -9.385212E-01   
-4.805673E+00   -9.460538E-01   
-4.808778E+00   -9.535791E-01   
-4.811891E+00   -9.610969E-01   
-4.815012E+00   -9.686072E-01   
-4.818141E+00   -9.761098E-01   
-4.821277E+00   -9.836047E-01   
-4.824421E+00   -9.910917E-01   
-4.827573E+00   -9.985709E-01   
-4.830732E+00   -1.006042E+00   
-4.833899E+00   -1.013505E+00   
-4.837074E+00   -1.020960E+00   
-4.840256E+00   -1.028407E+00   
-4.843445E+00   -1.035845E+00   
-4.846642E+00   -1.043275E+00   
-4.849847E+00   -1.050696E+00   
-4.853059E+00   -1.058109E+00   
-4.856279E+00   -1.065514E+00   
-4.859506E+00   -1.072909E+00   
-4.862740E+00   -1.080296E+00   
-4.865982E+00   -1.087673E+00   
-4.869231E+00   -1.095042E+00   
-4.872487E+00   -1.102402E+00   
-4.875751E+00   -1.109753E+00   
-4.879022E+00   -1.117094E+00   
-4.882300E+00   -1.124426E+00   
-4.885585E+00   -1.131749E+00   
-4.888877E+00   -1.139062E+00   
-4.892177E+00   -1.146366E+00   
-4.895484E+00   -1.153661E+00   
-4.898797E+00   -1.160945E+00   
-4.902118E+00   -1.168220E+00   
-4.905446E+00   -1.175486E+00   
-4.908781E+00   -1.182741E+00   
-4.912122E+00   -1.189987E+00   
-4.915471E+00   -1.197222E+00   
-4.918827E+00   -1.204448E+00   
-4.922189E+00   -1.211663E+00   
