-4.885364E-04    4.831359E-01   
-9.924254E-04    4.830371E-01   
-1.498849E-03    4.829367E-01   
-2.007777E-03    4.828348E-01   
-2.519184E-03    4.827313E-01   
-3.033041E-03    4.826263E-01   
-3.549320E-03    4.825197E-01   
-4.067994E-03    4.824116E-01   
-4.589035E-03    4.823019E-01   
-5.112417E-03    4.821907E-01   
-5.638114E-03    4.820779E-01   
-6.166097E-03    4.819636E-01   
-6.696341E-03    4.818477E-01   
-7.228820E-03    4.817302E-01   
-7.763507E-03    4.816113E-01   
-8.300377E-03    4.814907E-01   
-8.839404E-03    4.813686E-01   
-9.380563E-03    4.812450E-01   
-9.923828E-03    4.811198E-01   
-1.046918E-02    4.809931E-01   
-1.101658E-02    4.808648E-01   
-1.156601E-02    4.807350E-01   
-1.211746E-02    4.806036E-01   
-1.267088E-02    4.804707E-01   
-1.322627E-02    4.803362E-01   
-1.378358E-02    4.802002E-01   
-1.434281E-02    4.800626E-01   
-1.490393E-02    4.799235E-01   
-1.546691E-02    4.797828E-01   
-1.603174E-02    4.796406E-01   
-1.659837E-02    4.794968E-01   
-1.716681E-02    4.793515E-01   
-1.773702E-02    4.792046E-01   
-1.830897E-02    4.790562E-01   
-1.888265E-02    4.789062E-01   
-1.945804E-02    4.787547E-01   
-2.003511E-02    4.786016E-01   
-2.061384E-02    4.784470E-01   
-2.119421E-02    4.782908E-01   
-2.177619E-02    4.781330E-01   
-2.235977E-02    4.779738E-01   
-2.294492E-02    4.778129E-01   
-2.353163E-02    4.776505E-01   
-2.411987E-02    4.774866E-01   
-2.470962E-02    4.773211E-01   
-2.530086E-02    4.771541E-01   
-2.589357E-02    4.769855E-01   
-2.648773E-02    4.768153E-01   
-2.708332E-02    4.766436E-01   
-2.768031E-02    4.764703E-01   
-2.827870E-02    4.762955E-01   
-2.887845E-02    4.761192E-01   
-2.947955E-02    4.759412E-01   
-3.008199E-02    4.757618E-01   
-3.068573E-02    4.755807E-01   
-3.129076E-02    4.753981E-01   
-3.189706E-02    4.752140E-01   
-3.250462E-02    4.750283E-01   
-3.311340E-02    4.748410E-01   
-3.372341E-02    4.746522E-01   
-3.433461E-02    4.744619E-01   
-3.494698E-02    4.742699E-01   
-3.556051E-02    4.740765E-01   
-3.617519E-02    4.738814E-01   
-3.679099E-02    4.736848E-01   
-3.740789E-02    4.734867E-01   
-3.802587E-02    4.732870E-01   
-3.864493E-02    4.730857E-01   
-3.926503E-02    4.728829E-01   
-3.988617E-02    4.726785E-01   
-4.050832E-02    4.724726E-01   
-4.113147E-02    4.722651E-01   
-4.175560E-02    4.720561E-01   
-4.238070E-02    4.718455E-01   
-4.300674E-02    4.716333E-01   
-4.363371E-02    4.714196E-01   
-4.426160E-02    4.712044E-01   
-4.489038E-02    4.709876E-01   
-4.552004E-02    4.707692E-01   
-4.615056E-02    4.705493E-01   
-4.678193E-02    4.703278E-01   
-4.741414E-02    4.701047E-01   
-4.804715E-02    4.698801E-01   
-4.868096E-02    4.696540E-01   
-4.931556E-02    4.694263E-01   
-4.995092E-02    4.691970E-01   
-5.058703E-02    4.689662E-01   
-5.122388E-02    4.687339E-01   
-5.186145E-02    4.685000E-01   
-5.249972E-02    4.682645E-01   
-5.313868E-02    4.680275E-01   
-5.377831E-02    4.677889E-01   
-5.441861E-02    4.675488E-01   
-5.505954E-02    4.673072E-01   
-5.570110E-02    4.670640E-01   
-5.634328E-02    4.668192E-01   
-5.698606E-02    4.665729E-01   
-5.762942E-02    4.663250E-01   
-5.827334E-02    4.660756E-01   
-5.891783E-02    4.658247E-01   
-5.956285E-02    4.655722E-01   
-6.020840E-02    4.653182E-01   
-6.085446E-02    4.650626E-01   
-6.150102E-02    4.648055E-01   
-6.214806E-02    4.645468E-01   
-6.279558E-02    4.642866E-01   
-6.344355E-02    4.640249E-01   
-6.409196E-02    4.637616E-01   
-6.474079E-02    4.634968E-01   
-6.539005E-02    4.632304E-01   
-6.603970E-02    4.629625E-01   
-6.668974E-02    4.626931E-01   
-6.734016E-02    4.624221E-01   
-6.799093E-02    4.621496E-01   
-6.864206E-02    4.618756E-01   
-6.929352E-02    4.616000E-01   
-6.994530E-02    4.613229E-01   
-7.059739E-02    4.610443E-01   
-7.124977E-02    4.607642E-01   
-7.190244E-02    4.604825E-01   
-7.255537E-02    4.601993E-01   
-7.320857E-02    4.599146E-01   
-7.386201E-02    4.596284E-01   
-7.451568E-02    4.593406E-01   
-7.516957E-02    4.590513E-01   
-7.582367E-02    4.587605E-01   
-7.647796E-02    4.584682E-01   
-7.713244E-02    4.581744E-01   
-7.778708E-02    4.578790E-01   
-7.844189E-02    4.575822E-01   
-7.909684E-02    4.572838E-01   
-7.975193E-02    4.569839E-01   
-8.040714E-02    4.566825E-01   
-8.106246E-02    4.563796E-01   
-8.171788E-02    4.560752E-01   
-8.237338E-02    4.557693E-01   
-8.302897E-02    4.554620E-01   
-8.368462E-02    4.551531E-01   
-8.434032E-02    4.548427E-01   
-8.499606E-02    4.545308E-01   
-8.565183E-02    4.542174E-01   
-8.630762E-02    4.539025E-01   
-8.696342E-02    4.535861E-01   
-8.761922E-02    4.532683E-01   
-8.827500E-02    4.529490E-01   
-8.893076E-02    4.526281E-01   
-8.958648E-02    4.523058E-01   
-9.024216E-02    4.519820E-01   
-9.089777E-02    4.516568E-01   
-9.155332E-02    4.513300E-01   
-9.220879E-02    4.510018E-01   
-9.286417E-02    4.506721E-01   
-9.351945E-02    4.503410E-01   
-9.417462E-02    4.500084E-01   
-9.482966E-02    4.496743E-01   
-9.548458E-02    4.493387E-01   
-9.613935E-02    4.490017E-01   
-9.679397E-02    4.486633E-01   
-9.744843E-02    4.483233E-01   
-9.810272E-02    4.479820E-01   
-9.875682E-02    4.476391E-01   
-9.941074E-02    4.472948E-01   
-1.000644E-01    4.469491E-01   
-1.007179E-01    4.466020E-01   
-1.013712E-01    4.462533E-01   
-1.020243E-01    4.459033E-01   
-1.026771E-01    4.455518E-01   
-1.033296E-01    4.451989E-01   
-1.039819E-01    4.448445E-01   
-1.046339E-01    4.444888E-01   
-1.052857E-01    4.441316E-01   
-1.059371E-01    4.437729E-01   
-1.065883E-01    4.434129E-01   
-1.072391E-01    4.430514E-01   
-1.078896E-01    4.426885E-01   
-1.085398E-01    4.423242E-01   
-1.091897E-01    4.419585E-01   
-1.098392E-01    4.415914E-01   
-1.104884E-01    4.412229E-01   
-1.111372E-01    4.408530E-01   
-1.117856E-01    4.404817E-01   
-1.124337E-01    4.401090E-01   
-1.130814E-01    4.397349E-01   
-1.137286E-01    4.393594E-01   
-1.143755E-01    4.389825E-01   
-1.150219E-01    4.386042E-01   
-1.156680E-01    4.382246E-01   
-1.163136E-01    4.378436E-01   
-1.169587E-01    4.374612E-01   
-1.176034E-01    4.370774E-01   
-1.182477E-01    4.366923E-01   
-1.188914E-01    4.363058E-01   
-1.195347E-01    4.359179E-01   
-1.201775E-01    4.355287E-01   
-1.208199E-01    4.351381E-01   
-1.214617E-01    4.347462E-01   
-1.221030E-01    4.343529E-01   
-1.227438E-01    4.339583E-01   
-1.233841E-01    4.335623E-01   
-1.240239E-01    4.331650E-01   
-1.246631E-01    4.327664E-01   
-1.253018E-01    4.323664E-01   
-1.259399E-01    4.319651E-01   
-1.265774E-01    4.315625E-01   
-1.272144E-01    4.311586E-01   
-1.278508E-01    4.307533E-01   
-1.284866E-01    4.303467E-01   
-1.291219E-01    4.299388E-01   
-1.297565E-01    4.295296E-01   
-1.303905E-01    4.291191E-01   
-1.310239E-01    4.287073E-01   
-1.316567E-01    4.282942E-01   
-1.322888E-01    4.278798E-01   
-1.329203E-01    4.274642E-01   
-1.335512E-01    4.270472E-01   
-1.341814E-01    4.266289E-01   
-1.348110E-01    4.262094E-01   
-1.354399E-01    4.257886E-01   
-1.360681E-01    4.253665E-01   
-1.366956E-01    4.249432E-01   
-1.373225E-01    4.245186E-01   
-1.379487E-01    4.240927E-01   
-1.385741E-01    4.236656E-01   
-1.391989E-01    4.232372E-01   
-1.398229E-01    4.228076E-01   
-1.404462E-01    4.223767E-01   
-1.410688E-01    4.219446E-01   
-1.416907E-01    4.215113E-01   
-1.423118E-01    4.210767E-01   
-1.429321E-01    4.206409E-01   
-1.435517E-01    4.202039E-01   
-1.441706E-01    4.197656E-01   
-1.447887E-01    4.193262E-01   
-1.454060E-01    4.188855E-01   
-1.460225E-01    4.184436E-01   
-1.466383E-01    4.180005E-01   
-1.472532E-01    4.175562E-01   
-1.478674E-01    4.171107E-01   
-1.484807E-01    4.166641E-01   
-1.490933E-01    4.162162E-01   
-1.497050E-01    4.157671E-01   
-1.503159E-01    4.153169E-01   
-1.509260E-01    4.148655E-01   
-1.515352E-01    4.144129E-01   
-1.521436E-01    4.139592E-01   
-1.527511E-01    4.135043E-01   
-1.533578E-01    4.130482E-01   
-1.539637E-01    4.125910E-01   
-1.545687E-01    4.121326E-01   
-1.551728E-01    4.116731E-01   
-1.557760E-01    4.112124E-01   
-1.563783E-01    4.107507E-01   
-1.569798E-01    4.102877E-01   
-1.575804E-01    4.098237E-01   
-1.581801E-01    4.093585E-01   
-1.587788E-01    4.088922E-01   
-1.593767E-01    4.084248E-01   
-1.599736E-01    4.079563E-01   
-1.605697E-01    4.074866E-01   
-1.611648E-01    4.070159E-01   
-1.617589E-01    4.065441E-01   
-1.623522E-01    4.060711E-01   
-1.629445E-01    4.055971E-01   
-1.635359E-01    4.051220E-01   
-1.641263E-01    4.046459E-01   
-1.647157E-01    4.041686E-01   
-1.653042E-01    4.036903E-01   
-1.658917E-01    4.032109E-01   
-1.664783E-01    4.027305E-01   
-1.670639E-01    4.022490E-01   
-1.676485E-01    4.017664E-01   
-1.682321E-01    4.012828E-01   
-1.688147E-01    4.007982E-01   
-1.693963E-01    4.003125E-01   
-1.699770E-01    3.998258E-01   
-1.705566E-01    3.993380E-01   
-1.711352E-01    3.988493E-01   
-1.717128E-01    3.983595E-01   
-1.722894E-01    3.978687E-01   
-1.728650E-01    3.973769E-01   
-1.734395E-01    3.968841E-01   
-1.740130E-01    3.963902E-01   
-1.745855E-01    3.958954E-01   
-1.751569E-01    3.953996E-01   
-1.757273E-01    3.949028E-01   
-1.762967E-01    3.944051E-01   
-1.768650E-01    3.939063E-01   
-1.774322E-01    3.934066E-01   
-1.779984E-01    3.929059E-01   
-1.785635E-01    3.924043E-01   
-1.791275E-01    3.919017E-01   
-1.796905E-01    3.913981E-01   
-1.802523E-01    3.908936E-01   
-1.808132E-01    3.903882E-01   
-1.813729E-01    3.898818E-01   
-1.819315E-01    3.893745E-01   
-1.824890E-01    3.888662E-01   
-1.830455E-01    3.883571E-01   
-1.836008E-01    3.878470E-01   
-1.841550E-01    3.873360E-01   
-1.847082E-01    3.868241E-01   
-1.852602E-01    3.863113E-01   
-1.858111E-01    3.857975E-01   
-1.863609E-01    3.852829E-01   
-1.869095E-01    3.847674E-01   
-1.874570E-01    3.842511E-01   
-1.880034E-01    3.837338E-01   
-1.885487E-01    3.832157E-01   
-1.890928E-01    3.826967E-01   
-1.896358E-01    3.821768E-01   
-1.901777E-01    3.816561E-01   
-1.907183E-01    3.811345E-01   
-1.912579E-01    3.806121E-01   
-1.917963E-01    3.800888E-01   
-1.923335E-01    3.795647E-01   
-1.928696E-01    3.790398E-01   
-1.934045E-01    3.785140E-01   
-1.939382E-01    3.779874E-01   
-1.944708E-01    3.774600E-01   
-1.950022E-01    3.769318E-01   
-1.955324E-01    3.764028E-01   
-1.960615E-01    3.758729E-01   
-1.965893E-01    3.753423E-01   
-1.971160E-01    3.748109E-01   
-1.976415E-01    3.742787E-01   
-1.981658E-01    3.737457E-01   
-1.986889E-01    3.732119E-01   
-1.992108E-01    3.726773E-01   
-1.997315E-01    3.721420E-01   
-2.002510E-01    3.716059E-01   
-2.007693E-01    3.710691E-01   
-2.012864E-01    3.705315E-01   
-2.018023E-01    3.699932E-01   
-2.023170E-01    3.694541E-01   
-2.028304E-01    3.689143E-01   
-2.033427E-01    3.683737E-01   
-2.038537E-01    3.678325E-01   
-2.043635E-01    3.672905E-01   
-2.048720E-01    3.667478E-01   
-2.053794E-01    3.662043E-01   
-2.058855E-01    3.656602E-01   
-2.063904E-01    3.651154E-01   
-2.068940E-01    3.645698E-01   
-2.073964E-01    3.640236E-01   
-2.078976E-01    3.634767E-01   
-2.083975E-01    3.629291E-01   
-2.088962E-01    3.623809E-01   
-2.093936E-01    3.618319E-01   
-2.098898E-01    3.612823E-01   
-2.103847E-01    3.607321E-01   
-2.108784E-01    3.601812E-01   
-2.113709E-01    3.596296E-01   
-2.118620E-01    3.590774E-01   
-2.123519E-01    3.585245E-01   
-2.128406E-01    3.579711E-01   
-2.133280E-01    3.574170E-01   
-2.138141E-01    3.568622E-01   
-2.142990E-01    3.563069E-01   
-2.147826E-01    3.557509E-01   
-2.152649E-01    3.551943E-01   
-2.157460E-01    3.546372E-01   
-2.162257E-01    3.540794E-01   
-2.167042E-01    3.535210E-01   
-2.171815E-01    3.529621E-01   
-2.176574E-01    3.524025E-01   
-2.181321E-01    3.518424E-01   
-2.186055E-01    3.512817E-01   
-2.190776E-01    3.507205E-01   
-2.195484E-01    3.501586E-01   
-2.200179E-01    3.495963E-01   
-2.204862E-01    3.490333E-01   
-2.209532E-01    3.484699E-01   
-2.214188E-01    3.479059E-01   
-2.218832E-01    3.473413E-01   
-2.223463E-01    3.467762E-01   
-2.228081E-01    3.462106E-01   
-2.232686E-01    3.456445E-01   
-2.237278E-01    3.450779E-01   
-2.241857E-01    3.445107E-01   
-2.246423E-01    3.439430E-01   
-2.250976E-01    3.433749E-01   
-2.255516E-01    3.428062E-01   
-2.260043E-01    3.422371E-01   
-2.264556E-01    3.416675E-01   
-2.269057E-01    3.410974E-01   
-2.273545E-01    3.405268E-01   
-2.278020E-01    3.399557E-01   
-2.282482E-01    3.393842E-01   
-2.286930E-01    3.388122E-01   
-2.291366E-01    3.382398E-01   
-2.295788E-01    3.376669E-01   
-2.300197E-01    3.370936E-01   
-2.304593E-01    3.365199E-01   
-2.308976E-01    3.359457E-01   
-2.313346E-01    3.353710E-01   
-2.317703E-01    3.347960E-01   
-2.322046E-01    3.342205E-01   
-2.326377E-01    3.336447E-01   
-2.330694E-01    3.330684E-01   
-2.334998E-01    3.324917E-01   
-2.339289E-01    3.319146E-01   
-2.343566E-01    3.313371E-01   
-2.347831E-01    3.307593E-01   
-2.352082E-01    3.301810E-01   
-2.356320E-01    3.296024E-01   
-2.360545E-01    3.290234E-01   
-2.364756E-01    3.284440E-01   
-2.368955E-01    3.278643E-01   
-2.373140E-01    3.272842E-01   
-2.377312E-01    3.267038E-01   
-2.381470E-01    3.261230E-01   
-2.385616E-01    3.255418E-01   
-2.389748E-01    3.249604E-01   
-2.393867E-01    3.243786E-01   
-2.397973E-01    3.237964E-01   
-2.402065E-01    3.232140E-01   
-2.406144E-01    3.226312E-01   
-2.410210E-01    3.220481E-01   
-2.414263E-01    3.214647E-01   
-2.418303E-01    3.208811E-01   
-2.422329E-01    3.202971E-01   
-2.426342E-01    3.197128E-01   
-2.430342E-01    3.191282E-01   
-2.434328E-01    3.185434E-01   
-2.438301E-01    3.179582E-01   
-2.442261E-01    3.173728E-01   
-2.446208E-01    3.167871E-01   
-2.450141E-01    3.162012E-01   
-2.454061E-01    3.156150E-01   
-2.457968E-01    3.150286E-01   
-2.461862E-01    3.144419E-01   
-2.465742E-01    3.138549E-01   
-2.469609E-01    3.132677E-01   
-2.473463E-01    3.126803E-01   
-2.477304E-01    3.120927E-01   
-2.481131E-01    3.115048E-01   
-2.484945E-01    3.109167E-01   
-2.488746E-01    3.103284E-01   
-2.492534E-01    3.097399E-01   
-2.496308E-01    3.091512E-01   
-2.500069E-01    3.085623E-01   
-2.503817E-01    3.079731E-01   
-2.507552E-01    3.073838E-01   
-2.511273E-01    3.067943E-01   
-2.514982E-01    3.062047E-01   
-2.518677E-01    3.056148E-01   
-2.522359E-01    3.050248E-01   
-2.526027E-01    3.044346E-01   
-2.529683E-01    3.038443E-01   
-2.533325E-01    3.032537E-01   
-2.536954E-01    3.026631E-01   
-2.540570E-01    3.020723E-01   
-2.544173E-01    3.014813E-01   
-2.547762E-01    3.008902E-01   
-2.551339E-01    3.002990E-01   
-2.554902E-01    2.997076E-01   
-2.558452E-01    2.991161E-01   
-2.561989E-01    2.985245E-01   
-2.565513E-01    2.979328E-01   
-2.569024E-01    2.973410E-01   
-2.572521E-01    2.967490E-01   
-2.576006E-01    2.961570E-01   
-2.579477E-01    2.955648E-01   
-2.582935E-01    2.949726E-01   
-2.586381E-01    2.943803E-01   
-2.589813E-01    2.937879E-01   
-2.593232E-01    2.931954E-01   
-2.596638E-01    2.926028E-01   
-2.600031E-01    2.920102E-01   
-2.603411E-01    2.914175E-01   
-2.606778E-01    2.908248E-01   
-2.610132E-01    2.902319E-01   
-2.613472E-01    2.896391E-01   
-2.616800E-01    2.890462E-01   
-2.620115E-01    2.884532E-01   
-2.623417E-01    2.878602E-01   
-2.626706E-01    2.872672E-01   
-2.629982E-01    2.866741E-01   
-2.633245E-01    2.860810E-01   
-2.636495E-01    2.854879E-01   
-2.639732E-01    2.848948E-01   
-2.642956E-01    2.843016E-01   
-2.646168E-01    2.837085E-01   
-2.649366E-01    2.831153E-01   
-2.652552E-01    2.825221E-01   
-2.655725E-01    2.819290E-01   
-2.658884E-01    2.813358E-01   
-2.662031E-01    2.807427E-01   
-2.665166E-01    2.801496E-01   
-2.668287E-01    2.795565E-01   
-2.671396E-01    2.789634E-01   
-2.674491E-01    2.783704E-01   
-2.677575E-01    2.777774E-01   
-2.680645E-01    2.771844E-01   
-2.683702E-01    2.765915E-01   
-2.686747E-01    2.759986E-01   
-2.689779E-01    2.754058E-01   
-2.692799E-01    2.748130E-01   
-2.695805E-01    2.742203E-01   
-2.698799E-01    2.736277E-01   
-2.701781E-01    2.730351E-01   
-2.704750E-01    2.724426E-01   
-2.707706E-01    2.718501E-01   
-2.710649E-01    2.712578E-01   
-2.713580E-01    2.706655E-01   
-2.716498E-01    2.700733E-01   
-2.719404E-01    2.694812E-01   
-2.722297E-01    2.688892E-01   
-2.725178E-01    2.682973E-01   
-2.728046E-01    2.677055E-01   
-2.730902E-01    2.671139E-01   
-2.733745E-01    2.665223E-01   
-2.736576E-01    2.659308E-01   
-2.739394E-01    2.653395E-01   
-2.742200E-01    2.647483E-01   
-2.744994E-01    2.641572E-01   
-2.747775E-01    2.635662E-01   
-2.750543E-01    2.629754E-01   
-2.753300E-01    2.623847E-01   
-2.756044E-01    2.617942E-01   
-2.758775E-01    2.612038E-01   
-2.761494E-01    2.606135E-01   
-2.764202E-01    2.600234E-01   
-2.766896E-01    2.594335E-01   
-2.769579E-01    2.588437E-01   
-2.772249E-01    2.582541E-01   
-2.774907E-01    2.576647E-01   
-2.777553E-01    2.570754E-01   
-2.780187E-01    2.564863E-01   
-2.782808E-01    2.558974E-01   
-2.785418E-01    2.553087E-01   
-2.788015E-01    2.547201E-01   
-2.790600E-01    2.541318E-01   
-2.793173E-01    2.535436E-01   
-2.795734E-01    2.529557E-01   
-2.798283E-01    2.523679E-01   
-2.800820E-01    2.517804E-01   
-2.803345E-01    2.511930E-01   
-2.805858E-01    2.506059E-01   
-2.808359E-01    2.500190E-01   
-2.810848E-01    2.494323E-01   
-2.813325E-01    2.488458E-01   
-2.815790E-01    2.482596E-01   
-2.818244E-01    2.476736E-01   
-2.820685E-01    2.470878E-01   
-2.823115E-01    2.465023E-01   
-2.825533E-01    2.459170E-01   
-2.827939E-01    2.453319E-01   
-2.830333E-01    2.447471E-01   
-2.832715E-01    2.441626E-01   
-2.835086E-01    2.435783E-01   
-2.837445E-01    2.429942E-01   
-2.839792E-01    2.424105E-01   
-2.842128E-01    2.418270E-01   
-2.844452E-01    2.412437E-01   
-2.846765E-01    2.406607E-01   
-2.849065E-01    2.400780E-01   
-2.851355E-01    2.394956E-01   
-2.853632E-01    2.389135E-01   
-2.855899E-01    2.383316E-01   
-2.858153E-01    2.377500E-01   
-2.860396E-01    2.371688E-01   
-2.862628E-01    2.365878E-01   
-2.864848E-01    2.360071E-01   
-2.867057E-01    2.354267E-01   
-2.869254E-01    2.348466E-01   
-2.871440E-01    2.342668E-01   
-2.873615E-01    2.336873E-01   
-2.875778E-01    2.331082E-01   
-2.877930E-01    2.325294E-01   
-2.880071E-01    2.319508E-01   
-2.882201E-01    2.313726E-01   
-2.884319E-01    2.307948E-01   
-2.886426E-01    2.302172E-01   
-2.888522E-01    2.296400E-01   
-2.890606E-01    2.290631E-01   
-2.892680E-01    2.284866E-01   
-2.894742E-01    2.279104E-01   
-2.896794E-01    2.273345E-01   
-2.898834E-01    2.267590E-01   
-2.900863E-01    2.261838E-01   
-2.902881E-01    2.256090E-01   
-2.904889E-01    2.250345E-01   
-2.906885E-01    2.244604E-01   
-2.908870E-01    2.238867E-01   
-2.910844E-01    2.233133E-01   
-2.912808E-01    2.227403E-01   
-2.914760E-01    2.221676E-01   
-2.916702E-01    2.215954E-01   
-2.918633E-01    2.210235E-01   
-2.920553E-01    2.204519E-01   
-2.922462E-01    2.198808E-01   
-2.924361E-01    2.193100E-01   
-2.926248E-01    2.187397E-01   
-2.928125E-01    2.181697E-01   
-2.929992E-01    2.176001E-01   
-2.931848E-01    2.170309E-01   
-2.933693E-01    2.164621E-01   
-2.935527E-01    2.158937E-01   
-2.937351E-01    2.153257E-01   
-2.939165E-01    2.147581E-01   
-2.940967E-01    2.141909E-01   
-2.942760E-01    2.136241E-01   
-2.944542E-01    2.130577E-01   
-2.946313E-01    2.124918E-01   
-2.948074E-01    2.119262E-01   
-2.949825E-01    2.113611E-01   
-2.951565E-01    2.107964E-01   
-2.953295E-01    2.102321E-01   
-2.955014E-01    2.096683E-01   
-2.956723E-01    2.091048E-01   
-2.958422E-01    2.085418E-01   
-2.960111E-01    2.079793E-01   
-2.961790E-01    2.074172E-01   
-2.963458E-01    2.068555E-01   
-2.965116E-01    2.062943E-01   
-2.966764E-01    2.057335E-01   
-2.968402E-01    2.051731E-01   
-2.970030E-01    2.046132E-01   
-2.971648E-01    2.040538E-01   
-2.973255E-01    2.034948E-01   
-2.974853E-01    2.029362E-01   
-2.976441E-01    2.023781E-01   
-2.978018E-01    2.018205E-01   
-2.979586E-01    2.012634E-01   
-2.981144E-01    2.007067E-01   
-2.982692E-01    2.001504E-01   
-2.984230E-01    1.995947E-01   
-2.985758E-01    1.990394E-01   
-2.987277E-01    1.984846E-01   
-2.988786E-01    1.979302E-01   
-2.990285E-01    1.973763E-01   
-2.991774E-01    1.968230E-01   
-2.993253E-01    1.962701E-01   
-2.994723E-01    1.957176E-01   
-2.996184E-01    1.951657E-01   
-2.997634E-01    1.946143E-01   
-2.999075E-01    1.940633E-01   
-3.000507E-01    1.935128E-01   
-3.001929E-01    1.929629E-01   
-3.003341E-01    1.924134E-01   
-3.004744E-01    1.918644E-01   
-3.006138E-01    1.913159E-01   
-3.007522E-01    1.907680E-01   
-3.008896E-01    1.902205E-01   
-3.010261E-01    1.896735E-01   
-3.011617E-01    1.891271E-01   
-3.012964E-01    1.885811E-01   
-3.014301E-01    1.880357E-01   
-3.015629E-01    1.874908E-01   
-3.016948E-01    1.869464E-01   
-3.018258E-01    1.864025E-01   
-3.019558E-01    1.858591E-01   
-3.020849E-01    1.853162E-01   
-3.022131E-01    1.847739E-01   
-3.023404E-01    1.842321E-01   
-3.024668E-01    1.836908E-01   
-3.025923E-01    1.831501E-01   
-3.027169E-01    1.826099E-01   
-3.028406E-01    1.820702E-01   
-3.029633E-01    1.815310E-01   
-3.030852E-01    1.809924E-01   
-3.032062E-01    1.804543E-01   
-3.033263E-01    1.799168E-01   
-3.034455E-01    1.793798E-01   
-3.035639E-01    1.788433E-01   
-3.036813E-01    1.783074E-01   
-3.037979E-01    1.777720E-01   
-3.039136E-01    1.772372E-01   
-3.040284E-01    1.767029E-01   
-3.041424E-01    1.761692E-01   
-3.042555E-01    1.756360E-01   
-3.043677E-01    1.751034E-01   
-3.044790E-01    1.745713E-01   
-3.045895E-01    1.740398E-01   
-3.046992E-01    1.735088E-01   
-3.048080E-01    1.729784E-01   
-3.049159E-01    1.724486E-01   
-3.050230E-01    1.719193E-01   
-3.051292E-01    1.713906E-01   
-3.052346E-01    1.708624E-01   
-3.053391E-01    1.703349E-01   
-3.054429E-01    1.698078E-01   
-3.055457E-01    1.692814E-01   
-3.056478E-01    1.687555E-01   
-3.057490E-01    1.682302E-01   
-3.058494E-01    1.677055E-01   
-3.059489E-01    1.671813E-01   
-3.060477E-01    1.666577E-01   
-3.061456E-01    1.661347E-01   
-3.062427E-01    1.656123E-01   
-3.063390E-01    1.650905E-01   
-3.064344E-01    1.645692E-01   
-3.065291E-01    1.640485E-01   
-3.066229E-01    1.635284E-01   
-3.067160E-01    1.630089E-01   
-3.068082E-01    1.624900E-01   
-3.068997E-01    1.619717E-01   
-3.069903E-01    1.614539E-01   
-3.070802E-01    1.609367E-01   
-3.071693E-01    1.604202E-01   
-3.072576E-01    1.599042E-01   
-3.073451E-01    1.593888E-01   
-3.074318E-01    1.588740E-01   
-3.075177E-01    1.583598E-01   
-3.076029E-01    1.578463E-01   
-3.076872E-01    1.573333E-01   
-3.077708E-01    1.568209E-01   
-3.078537E-01    1.563091E-01   
-3.079357E-01    1.557979E-01   
-3.080170E-01    1.552873E-01   
-3.080976E-01    1.547773E-01   
-3.081774E-01    1.542679E-01   
-3.082564E-01    1.537591E-01   
-3.083347E-01    1.532510E-01   
-3.084122E-01    1.527434E-01   
-3.084890E-01    1.522364E-01   
-3.085650E-01    1.517301E-01   
-3.086403E-01    1.512244E-01   
-3.087148E-01    1.507192E-01   
-3.087886E-01    1.502147E-01   
-3.088617E-01    1.497108E-01   
-3.089340E-01    1.492076E-01   
-3.090056E-01    1.487049E-01   
-3.090765E-01    1.482029E-01   
-3.091466E-01    1.477014E-01   
-3.092160E-01    1.472006E-01   
-3.092847E-01    1.467004E-01   
-3.093527E-01    1.462008E-01   
-3.094200E-01    1.457019E-01   
-3.094865E-01    1.452036E-01   
-3.095524E-01    1.447059E-01   
-3.096175E-01    1.442088E-01   
-3.096819E-01    1.437123E-01   
-3.097457E-01    1.432165E-01   
-3.098087E-01    1.427213E-01   
-3.098710E-01    1.422267E-01   
-3.099327E-01    1.417328E-01   
-3.099936E-01    1.412394E-01   
-3.100539E-01    1.407467E-01   
-3.101134E-01    1.402547E-01   
-3.101723E-01    1.397632E-01   
-3.102305E-01    1.392724E-01   
-3.102880E-01    1.387823E-01   
-3.103448E-01    1.382927E-01   
-3.104010E-01    1.378038E-01   
-3.104565E-01    1.373156E-01   
-3.105113E-01    1.368279E-01   
-3.105655E-01    1.363409E-01   
-3.106190E-01    1.358546E-01   
-3.106718E-01    1.353688E-01   
-3.107239E-01    1.348838E-01   
-3.107754E-01    1.343993E-01   
-3.108263E-01    1.339155E-01   
-3.108765E-01    1.334323E-01   
-3.109260E-01    1.329498E-01   
-3.109749E-01    1.324679E-01   
-3.110232E-01    1.319867E-01   
-3.110708E-01    1.315061E-01   
-3.111178E-01    1.310261E-01   
-3.111641E-01    1.305468E-01   
-3.112098E-01    1.300681E-01   
-3.112549E-01    1.295901E-01   
-3.112993E-01    1.291127E-01   
-3.113431E-01    1.286360E-01   
-3.113863E-01    1.281599E-01   
-3.114288E-01    1.276844E-01   
-3.114708E-01    1.272096E-01   
-3.115121E-01    1.267355E-01   
-3.115528E-01    1.262620E-01   
-3.115928E-01    1.257891E-01   
-3.116323E-01    1.253169E-01   
-3.116712E-01    1.248453E-01   
-3.117094E-01    1.243744E-01   
-3.117471E-01    1.239042E-01   
-3.117841E-01    1.234346E-01   
-3.118206E-01    1.229656E-01   
-3.118564E-01    1.224973E-01   
-3.118917E-01    1.220297E-01   
-3.119263E-01    1.215627E-01   
-3.119604E-01    1.210963E-01   
-3.119939E-01    1.206306E-01   
-3.120268E-01    1.201656E-01   
-3.120591E-01    1.197012E-01   
-3.120908E-01    1.192375E-01   
-3.121220E-01    1.187744E-01   
-3.121525E-01    1.183120E-01   
-3.121825E-01    1.178502E-01   
-3.122120E-01    1.173891E-01   
-3.122408E-01    1.169286E-01   
-3.122691E-01    1.164688E-01   
-3.122969E-01    1.160097E-01   
-3.123240E-01    1.155512E-01   
-3.123506E-01    1.150934E-01   
-3.123767E-01    1.146362E-01   
-3.124022E-01    1.141797E-01   
-3.124271E-01    1.137239E-01   
-3.124515E-01    1.132687E-01   
-3.124753E-01    1.128141E-01   
-3.124986E-01    1.123603E-01   
-3.125213E-01    1.119071E-01   
-3.125435E-01    1.114545E-01   
-3.125652E-01    1.110026E-01   
-3.125863E-01    1.105514E-01   
-3.126069E-01    1.101008E-01   
-3.126270E-01    1.096509E-01   
-3.126465E-01    1.092016E-01   
-3.126655E-01    1.087530E-01   
-3.126839E-01    1.083051E-01   
-3.127019E-01    1.078578E-01   
-3.127193E-01    1.074112E-01   
-3.127362E-01    1.069653E-01   
-3.127526E-01    1.065200E-01   
-3.127685E-01    1.060754E-01   
-3.127838E-01    1.056314E-01   
-3.127986E-01    1.051881E-01   
-3.128130E-01    1.047455E-01   
-3.128268E-01    1.043035E-01   
-3.128401E-01    1.038622E-01   
-3.128529E-01    1.034216E-01   
-3.128652E-01    1.029816E-01   
-3.128771E-01    1.025423E-01   
-3.128884E-01    1.021036E-01   
-3.128992E-01    1.016656E-01   
-3.129095E-01    1.012283E-01   
-3.129194E-01    1.007916E-01   
-3.129287E-01    1.003556E-01   
-3.129376E-01    9.992031E-02   
-3.129460E-01    9.948564E-02   
-3.129539E-01    9.905164E-02   
-3.129613E-01    9.861830E-02   
-3.129682E-01    9.818562E-02   
-3.129747E-01    9.775361E-02   
-3.129807E-01    9.732226E-02   
-3.129862E-01    9.689158E-02   
-3.129913E-01    9.646156E-02   
-3.129959E-01    9.603221E-02   
-3.130000E-01    9.560352E-02   
-3.130037E-01    9.517550E-02   
-3.130069E-01    9.474814E-02   
-3.130096E-01    9.432145E-02   
-3.130119E-01    9.389542E-02   
-3.130137E-01    9.347006E-02   
-3.130151E-01    9.304536E-02   
-3.130160E-01    9.262133E-02   
-3.130165E-01    9.219796E-02   
-3.130165E-01    9.177526E-02   
-3.130161E-01    9.135322E-02   
-3.130152E-01    9.093184E-02   
-3.130139E-01    9.051114E-02   
-3.130122E-01    9.009109E-02   
-3.130100E-01    8.967172E-02   
-3.130074E-01    8.925300E-02   
-3.130044E-01    8.883495E-02   
-3.130009E-01    8.841757E-02   
-3.129970E-01    8.800085E-02   
-3.129927E-01    8.758480E-02   
-3.129879E-01    8.716941E-02   
-3.129827E-01    8.675469E-02   
-3.129771E-01    8.634063E-02   
-3.129711E-01    8.592723E-02   
-3.129647E-01    8.551450E-02   
-3.129578E-01    8.510244E-02   
-3.129506E-01    8.469104E-02   
-3.129429E-01    8.428030E-02   
-3.129348E-01    8.387023E-02   
-3.129263E-01    8.346082E-02   
-3.129174E-01    8.305208E-02   
-3.129081E-01    8.264400E-02   
-3.128984E-01    8.223658E-02   
-3.128883E-01    8.182983E-02   
-3.128778E-01    8.142374E-02   
-3.128669E-01    8.101832E-02   
-3.128556E-01    8.061355E-02   
-3.128439E-01    8.020946E-02   
-3.128319E-01    7.980602E-02   
-3.128194E-01    7.940325E-02   
-3.128065E-01    7.900115E-02   
-3.127933E-01    7.859970E-02   
-3.127797E-01    7.819892E-02   
-3.127657E-01    7.779880E-02   
-3.127513E-01    7.739934E-02   
-3.127366E-01    7.700055E-02   
-3.127214E-01    7.660242E-02   
-3.127059E-01    7.620495E-02   
-3.126901E-01    7.580814E-02   
-3.126738E-01    7.541200E-02   
-3.126572E-01    7.501651E-02   
-3.126402E-01    7.462169E-02   
-3.126229E-01    7.422753E-02   
-3.126052E-01    7.383403E-02   
-3.125871E-01    7.344120E-02   
-3.125687E-01    7.304902E-02   
-3.125499E-01    7.265750E-02   
-3.125307E-01    7.226665E-02   
-3.125112E-01    7.187646E-02   
-3.124914E-01    7.148692E-02   
-3.124712E-01    7.109805E-02   
-3.124506E-01    7.070983E-02   
-3.124297E-01    7.032228E-02   
-3.124085E-01    6.993539E-02   
-3.123869E-01    6.954915E-02   
-3.123650E-01    6.916358E-02   
-3.123427E-01    6.877866E-02   
-3.123201E-01    6.839440E-02   
-3.122972E-01    6.801080E-02   
-3.122739E-01    6.762786E-02   
-3.122503E-01    6.724558E-02   
-3.122264E-01    6.686396E-02   
-3.122021E-01    6.648299E-02   
-3.121775E-01    6.610268E-02   
-3.121526E-01    6.572303E-02   
-3.121273E-01    6.534404E-02   
-3.121018E-01    6.496570E-02   
-3.120759E-01    6.458803E-02   
-3.120497E-01    6.421100E-02   
-3.120231E-01    6.383464E-02   
-3.119963E-01    6.345893E-02   
-3.119691E-01    6.308387E-02   
-3.119417E-01    6.270947E-02   
-3.119139E-01    6.233573E-02   
-3.118858E-01    6.196265E-02   
-3.118574E-01    6.159021E-02   
-3.118287E-01    6.121844E-02   
-3.117997E-01    6.084731E-02   
-3.117704E-01    6.047685E-02   
-3.117408E-01    6.010703E-02   
-3.117109E-01    5.973787E-02   
-3.116806E-01    5.936937E-02   
-3.116501E-01    5.900151E-02   
-3.116193E-01    5.863431E-02   
-3.115883E-01    5.826777E-02   
-3.115569E-01    5.790187E-02   
-3.115252E-01    5.753663E-02   
-3.114932E-01    5.717204E-02   
-3.114610E-01    5.680811E-02   
-3.114285E-01    5.644482E-02   
-3.113957E-01    5.608219E-02   
-3.113626E-01    5.572020E-02   
-3.113292E-01    5.535887E-02   
-3.112955E-01    5.499819E-02   
-3.112616E-01    5.463816E-02   
-3.112274E-01    5.427878E-02   
-3.111929E-01    5.392005E-02   
-3.111582E-01    5.356197E-02   
-3.111232E-01    5.320454E-02   
-3.110879E-01    5.284776E-02   
-3.110523E-01    5.249163E-02   
-3.110165E-01    5.213614E-02   
-3.109804E-01    5.178131E-02   
-3.109441E-01    5.142712E-02   
-3.109075E-01    5.107358E-02   
-3.108706E-01    5.072069E-02   
-3.108335E-01    5.036844E-02   
-3.107961E-01    5.001684E-02   
-3.107584E-01    4.966589E-02   
-3.107206E-01    4.931559E-02   
-3.106824E-01    4.896593E-02   
-3.106440E-01    4.861691E-02   
-3.106054E-01    4.826855E-02   
-3.105665E-01    4.792083E-02   
-3.105274E-01    4.757375E-02   
-3.104880E-01    4.722732E-02   
-3.104484E-01    4.688153E-02   
-3.104085E-01    4.653639E-02   
-3.103684E-01    4.619189E-02   
-3.103281E-01    4.584803E-02   
-3.102875E-01    4.550482E-02   
-3.102467E-01    4.516225E-02   
-3.102056E-01    4.482033E-02   
-3.101644E-01    4.447904E-02   
-3.101228E-01    4.413840E-02   
-3.100811E-01    4.379840E-02   
-3.100391E-01    4.345904E-02   
-3.099970E-01    4.312033E-02   
-3.099545E-01    4.278225E-02   
-3.099119E-01    4.244482E-02   
-3.098690E-01    4.210802E-02   
-3.098260E-01    4.177187E-02   
-3.097827E-01    4.143636E-02   
-3.097391E-01    4.110148E-02   
-3.096954E-01    4.076725E-02   
-3.096515E-01    4.043365E-02   
-3.096073E-01    4.010069E-02   
-3.095629E-01    3.976838E-02   
-3.095183E-01    3.943669E-02   
-3.094735E-01    3.910565E-02   
-3.094285E-01    3.877525E-02   
-3.093833E-01    3.844548E-02   
-3.093379E-01    3.811635E-02   
-3.092923E-01    3.778785E-02   
-3.092465E-01    3.746000E-02   
-3.092005E-01    3.713278E-02   
-3.091543E-01    3.680619E-02   
-3.091079E-01    3.648024E-02   
-3.090613E-01    3.615492E-02   
-3.090144E-01    3.583024E-02   
-3.089674E-01    3.550620E-02   
-3.089203E-01    3.518279E-02   
-3.088729E-01    3.486001E-02   
